Resources for each physical machine type:
21940,14276
10946,5313
10929,21307
Available number for each physical machine type:
14
14
70
Activation cost for each physical machine type:
200
120
180
Number of micro-service types:
51
Required number for each micro-service type:
10
180
10
10
270
10
20
40
10
10
10
10
510
10
20
150
10
50
10
10
30
20
20
40
10
110
10
40
10
10
40
20
20
20
10
10
10
20
10
20
10
10
20
20
30
10
20
10
10
20
10
Resource requirements for each micro-service type:
588,748
774,192
316,184
200,48
582,188
316,50
294,182
610,96
1168,370
1172,372
586,186
584,184
420,50
4586,1486
562,536
420,50
1802,454
334,186
2260,448
610,46
1728,302
1246,376
324,50
166,270
884,214
386,8
468,278
338,22
328,52
572,180
584,182
162,90
362,180
290,200
308,98
294,186
338,218
172,48
374,94
570,362
314,92
1138,722
282,88
302,98
626,188
146,280
632,178
570,44
292,186
166,98
864,374
Total invoking flow matrix:
0,28,0,906,0,336,477,0,0,0,878,906,595,0,651,0,471,796,0,893,0,0,640,979,0,0,0,0,0,722,0,0,0,424,0,0,0,0,0,0,387,0,0,0,0,0,0,0,0,0,0
0,0,765,0,0,218,0,393,0,410,443,540,0,0,76,0,172,0,0,464,330,722,0,0,179,0,0,0,0,0,0,0,0,0,0,448,0,0,0,0,0,0,0,0,0,0,0,0,0,0,0
0,0,0,0,119,0,724,0,0,0,0,400,472,0,796,0,255,0,704,610,0,0,119,0,0,0,0,0,0,0,0,0,0,0,0,0,0,0,530,683,0,0,0,0,0,0,0,0,0,0,0
0,0,0,0,0,0,865,0,513,0,0,186,0,777,527,54,0,703,0,587,408,0,0,0,0,0,0,0,0,0,0,0,0,0,0,0,0,0,0,0,0,0,0,0,0,0,0,0,0,0,0
0,0,0,0,0,0,0,0,0,383,0,436,0,0,610,966,0,115,730,771,895,0,0,610,0,0,0,0,696,0,0,0,0,0,0,0,0,0,0,0,0,0,0,0,0,0,0,0,0,0,0
0,0,0,0,0,0,0,0,500,0,0,1,0,719,918,956,726,0,0,0,0,383,361,73,101,0,0,110,0,0,0,0,0,0,0,0,688,0,0,0,0,844,0,0,0,0,0,269,0,0,0
0,0,0,0,0,0,0,565,999,588,819,538,0,137,0,357,116,0,0,423,0,0,385,0,0,0,755,0,281,822,0,0,0,0,0,0,0,0,0,0,582,0,0,0,0,0,0,0,0,0,0
0,0,0,0,0,0,0,0,750,453,690,0,912,682,0,309,0,605,730,0,856,872,0,966,13,0,0,940,0,0,0,0,0,0,0,0,0,0,0,0,0,0,0,0,471,0,0,0,0,0,0
0,0,0,0,0,0,0,0,0,690,0,98,0,0,0,876,890,434,929,0,82,415,33,0,174,0,0,0,586,0,0,0,0,0,0,0,0,0,0,0,0,0,0,395,628,0,0,0,0,0,0
0,0,0,0,0,0,0,0,0,0,0,0,949,0,915,0,0,0,441,368,392,255,838,616,0,0,0,0,0,0,0,0,0,0,0,0,0,0,0,0,0,0,0,0,0,0,833,0,0,0,0
0,0,0,0,0,0,0,0,0,0,0,875,0,878,487,0,219,0,0,170,0,0,322,0,362,0,0,0,0,0,0,0,0,0,0,0,662,0,457,0,0,0,0,0,0,0,0,391,0,0,0
0,0,0,0,0,0,0,0,0,0,0,0,537,0,0,0,0,0,0,0,322,13,266,0,688,0,0,0,341,0,0,0,0,0,0,0,0,0,0,0,0,0,0,0,0,0,0,0,0,0,0
0,0,0,0,0,0,0,0,0,0,0,0,0,0,0,250,0,82,0,0,992,0,11,236,906,0,0,0,0,0,0,0,0,0,0,0,0,0,0,0,0,0,0,0,0,0,265,0,0,0,0
0,0,0,0,0,0,0,0,0,0,0,0,0,0,0,236,0,448,196,893,0,473,597,510,601,0,0,0,0,0,0,0,0,0,0,644,0,0,0,0,0,544,0,0,0,0,0,0,0,0,0
0,0,0,0,0,0,0,0,0,0,0,0,0,0,0,0,0,0,0,332,254,830,841,0,0,0,0,0,0,738,0,0,0,0,0,0,0,0,0,0,0,0,0,0,0,0,0,0,0,0,0
0,0,0,0,0,0,0,0,0,0,0,0,0,0,0,0,0,54,0,0,503,0,749,838,0,0,0,0,0,0,0,0,0,0,0,0,639,0,0,0,0,636,0,0,0,0,0,0,241,0,0
0,0,0,0,0,0,0,0,0,0,0,0,0,0,0,0,0,0,144,0,131,0,833,293,145,0,255,0,0,0,0,0,672,0,0,0,0,0,0,0,0,0,442,520,0,0,0,0,0,0,0
0,0,0,0,0,0,0,0,0,0,0,0,0,0,0,0,0,0,0,124,0,410,0,497,73,0,0,0,0,0,0,0,0,0,0,0,0,0,994,0,0,0,0,0,0,0,0,0,0,0,0
0,0,0,0,0,0,0,0,0,0,0,0,0,0,0,0,0,0,0,388,771,0,981,0,0,0,0,0,0,287,0,0,0,662,216,91,0,0,0,0,0,0,0,0,0,0,0,0,973,0,0
0,0,0,0,0,0,0,0,0,0,0,0,0,0,0,0,0,0,0,0,0,0,0,436,548,0,0,0,0,0,0,0,0,0,0,0,0,0,0,0,0,0,0,0,0,0,0,0,0,0,0
0,0,0,0,0,0,0,0,0,0,0,0,0,0,0,0,0,0,0,0,0,218,0,186,604,0,0,0,0,0,0,0,0,0,0,0,0,393,0,0,0,0,0,0,0,0,0,0,0,0,0
0,0,0,0,0,0,0,0,0,0,0,0,0,0,0,0,0,0,0,0,0,0,945,45,141,462,0,0,0,0,0,0,0,0,0,0,0,944,0,0,0,0,0,0,0,0,0,0,0,0,0
0,0,0,0,0,0,0,0,0,0,0,0,0,0,0,0,0,0,0,0,0,0,0,828,65,0,0,0,0,0,709,0,0,0,0,0,0,0,0,0,0,0,0,0,0,0,0,0,0,0,0
0,0,0,0,0,0,0,0,0,0,0,0,0,0,0,0,0,0,0,0,0,0,0,0,65,0,0,0,0,0,0,0,0,0,0,0,0,0,0,0,0,0,0,0,0,0,0,0,0,0,0
0,0,0,0,0,0,0,0,0,0,0,0,0,0,0,0,0,0,0,0,0,0,0,0,0,0,0,0,0,0,0,0,0,0,0,0,0,0,0,0,0,0,0,0,0,0,0,0,0,0,0
0,0,0,0,0,0,0,0,0,0,0,0,0,0,0,0,0,0,0,0,0,0,0,0,0,0,0,0,451,0,932,711,0,972,0,114,0,0,0,0,481,901,341,584,0,688,68,0,532,842,0
0,0,0,0,0,0,0,0,0,0,0,0,0,0,0,0,0,0,0,0,0,0,0,0,0,0,0,980,0,359,567,266,0,148,964,882,0,0,0,303,307,784,0,340,990,509,0,0,384,957,0
0,0,0,0,0,0,0,0,0,0,0,0,0,0,0,0,0,0,0,0,0,0,0,0,0,0,0,0,0,0,0,38,130,513,0,0,89,0,105,0,0,0,0,0,715,0,872,0,381,143,656
0,0,0,0,0,0,0,0,0,0,0,0,0,0,0,0,0,0,0,0,0,0,0,0,0,0,0,0,0,215,0,798,0,899,0,684,0,0,0,666,223,0,827,947,881,0,115,0,669,591,577
0,0,0,0,0,0,0,0,0,0,0,0,0,0,0,0,0,0,0,0,0,0,0,0,0,0,0,0,0,0,0,363,752,0,0,0,0,0,0,0,0,0,0,0,0,0,548,0,0,554,0
0,0,0,0,0,0,0,0,0,0,0,0,0,0,0,0,0,0,0,0,0,0,0,0,0,0,0,0,0,0,0,0,0,0,285,21,0,0,173,0,0,930,420,347,454,397,0,57,71,150,0
0,0,0,0,0,0,0,0,0,0,0,0,0,0,0,0,0,0,0,0,0,0,0,0,0,0,0,0,0,0,0,0,0,0,128,172,0,942,812,0,294,0,456,0,0,335,0,100,0,0,355
0,0,0,0,0,0,0,0,0,0,0,0,0,0,0,0,0,0,0,0,0,0,0,0,0,0,0,0,0,0,0,0,0,448,0,908,0,0,0,310,466,0,524,0,285,440,0,693,0,752,0
0,0,0,0,0,0,0,0,0,0,0,0,0,0,0,0,0,0,0,0,0,0,0,0,0,0,0,0,0,0,0,0,0,0,585,85,0,324,192,0,0,0,60,0,0,0,652,242,12,0,0
0,0,0,0,0,0,0,0,0,0,0,0,0,0,0,0,0,0,0,0,0,0,0,0,0,0,0,0,0,0,0,0,0,0,0,963,0,0,0,0,0,435,185,21,0,570,0,871,520,0,469
0,0,0,0,0,0,0,0,0,0,0,0,0,0,0,0,0,0,0,0,0,0,0,0,0,0,0,0,0,0,0,0,0,0,0,0,341,63,758,0,377,0,801,0,0,0,670,272,23,546,0
0,0,0,0,0,0,0,0,0,0,0,0,0,0,0,0,0,0,0,0,0,0,0,0,0,0,0,0,0,0,0,0,0,0,0,0,0,0,145,0,0,0,944,0,494,288,122,623,0,0,0
0,0,0,0,0,0,0,0,0,0,0,0,0,0,0,0,0,0,0,0,0,0,0,0,0,0,0,0,0,0,0,0,0,0,0,0,0,0,0,404,0,0,118,876,0,0,0,0,0,0,818
0,0,0,0,0,0,0,0,0,0,0,0,0,0,0,0,0,0,0,0,0,0,0,0,0,0,0,0,0,0,0,0,0,0,0,0,0,0,0,0,0,0,0,0,457,527,402,0,252,908,0
0,0,0,0,0,0,0,0,0,0,0,0,0,0,0,0,0,0,0,0,0,0,0,0,0,0,0,0,0,0,0,0,0,0,0,0,0,0,0,0,141,661,733,831,683,0,406,0,706,554,0
0,0,0,0,0,0,0,0,0,0,0,0,0,0,0,0,0,0,0,0,0,0,0,0,0,0,0,0,0,0,0,0,0,0,0,0,0,0,0,0,0,0,824,421,0,511,0,0,785,327,888
0,0,0,0,0,0,0,0,0,0,0,0,0,0,0,0,0,0,0,0,0,0,0,0,0,0,0,0,0,0,0,0,0,0,0,0,0,0,0,0,0,0,0,531,123,0,0,601,635,554,0
0,0,0,0,0,0,0,0,0,0,0,0,0,0,0,0,0,0,0,0,0,0,0,0,0,0,0,0,0,0,0,0,0,0,0,0,0,0,0,0,0,0,0,0,0,493,542,0,880,0,0
0,0,0,0,0,0,0,0,0,0,0,0,0,0,0,0,0,0,0,0,0,0,0,0,0,0,0,0,0,0,0,0,0,0,0,0,0,0,0,0,0,0,0,0,603,980,220,958,615,0,315
0,0,0,0,0,0,0,0,0,0,0,0,0,0,0,0,0,0,0,0,0,0,0,0,0,0,0,0,0,0,0,0,0,0,0,0,0,0,0,0,0,0,0,0,0,0,0,507,218,0,0
0,0,0,0,0,0,0,0,0,0,0,0,0,0,0,0,0,0,0,0,0,0,0,0,0,0,0,0,0,0,0,0,0,0,0,0,0,0,0,0,0,0,0,0,0,0,23,220,43,0,0
0,0,0,0,0,0,0,0,0,0,0,0,0,0,0,0,0,0,0,0,0,0,0,0,0,0,0,0,0,0,0,0,0,0,0,0,0,0,0,0,0,0,0,0,0,0,0,0,666,933,0
0,0,0,0,0,0,0,0,0,0,0,0,0,0,0,0,0,0,0,0,0,0,0,0,0,0,0,0,0,0,0,0,0,0,0,0,0,0,0,0,0,0,0,0,0,0,0,0,0,248,895
0,0,0,0,0,0,0,0,0,0,0,0,0,0,0,0,0,0,0,0,0,0,0,0,0,0,0,0,0,0,0,0,0,0,0,0,0,0,0,0,0,0,0,0,0,0,0,0,0,0,0
0,0,0,0,0,0,0,0,0,0,0,0,0,0,0,0,0,0,0,0,0,0,0,0,0,0,0,0,0,0,0,0,0,0,0,0,0,0,0,0,0,0,0,0,0,0,0,0,0,0,0
0,0,0,0,0,0,0,0,0,0,0,0,0,0,0,0,0,0,0,0,0,0,0,0,0,0,0,0,0,0,0,0,0,0,0,0,0,0,0,0,0,0,0,0,0,0,0,0,0,0,0
