Resources for each physical machine type:
21940,14276
10946,5313
10929,21307
Available number for each physical machine type:
14
14
70
Activation cost for each physical machine type:
200
120
180
Number of micro-service types:
50
Required number for each micro-service type:
20
10
10
30
10
10
180
10
30
30
270
20
10
30
20
10
10
50
10
10
10
10
10
10
710
10
20
10
10
60
30
10
20
10
20
10
60
10
10
10
80
10
20
10
10
10
10
20
40
10
Resource requirements for each micro-service type:
588,748
288,182
578,184
344,48
292,182
578,366
774,192
578,186
316,184
200,48
582,188
316,50
286,272
294,182
158,98
582,92
168,274
610,96
1168,370
1172,372
586,186
584,184
582,210
1166,1110
420,50
4586,1486
562,536
160,270
564,46
420,50
754,752
1802,454
602,370
334,186
1174,186
164,44
324,50
350,108
884,214
588,92
386,8
468,278
338,22
328,52
584,182
308,96
162,90
290,92
362,180
290,200
Total invoking flow matrix:
0,0,0,198,0,357,0,1000,489,206,822,0,712,0,0,174,425,324,0,157,447,113,65,331,448,0,0,0,0,0,0,0,0,0,0,0,0,0,0,0,0,0,0,0,0,0,0,730,0,0
0,0,0,392,538,966,0,322,286,518,910,579,665,0,0,865,0,456,0,227,0,0,0,0,0,0,0,0,649,0,0,0,0,0,0,0,0,0,0,0,0,0,0,0,0,0,0,776,0,0
0,0,0,181,0,276,59,117,0,678,220,0,810,524,351,0,816,869,0,0,984,0,0,367,590,0,0,0,240,0,335,0,0,260,0,0,0,0,0,0,0,0,0,390,0,0,0,0,5,0
0,0,0,0,0,927,0,907,567,466,0,0,340,681,80,39,305,499,922,542,181,0,0,0,64,0,0,0,0,0,0,0,0,0,0,0,0,0,0,0,0,0,0,0,0,580,0,956,0,0
0,0,0,0,0,19,978,0,0,0,0,825,658,609,218,412,3,748,0,503,833,217,0,718,577,0,0,0,0,0,146,471,0,0,0,0,0,0,0,0,0,184,0,0,0,0,0,0,0,0
0,0,0,0,0,0,603,267,0,0,801,0,0,980,0,0,751,324,0,0,0,0,835,428,719,0,297,0,228,0,0,0,0,0,96,0,0,0,0,0,0,0,0,0,0,195,0,0,0,0
0,0,0,0,0,0,0,258,0,0,0,206,0,0,570,181,92,486,0,0,0,549,152,940,326,0,0,0,0,0,0,0,0,0,595,0,0,0,0,711,0,0,0,0,0,0,0,0,0,0
0,0,0,0,0,0,0,0,60,642,0,624,0,0,0,0,412,680,0,0,882,367,0,0,986,0,0,0,0,0,0,0,0,0,508,0,511,0,0,0,0,0,0,0,0,0,0,0,0,0
0,0,0,0,0,0,0,0,0,839,404,0,115,0,0,0,0,822,24,723,0,536,813,108,0,0,0,0,0,0,0,0,0,0,0,0,0,0,0,780,0,0,0,0,15,0,369,876,38,0
0,0,0,0,0,0,0,0,0,0,0,0,56,249,189,795,0,0,0,0,481,593,0,0,0,240,0,0,0,0,0,0,0,0,0,0,0,0,0,0,0,0,0,0,533,0,0,0,0,0
0,0,0,0,0,0,0,0,0,0,0,189,0,0,421,349,0,939,0,0,0,0,0,596,874,903,0,0,905,0,0,923,0,0,0,0,0,0,0,0,0,0,0,0,0,0,0,0,0,0
0,0,0,0,0,0,0,0,0,0,0,0,0,0,0,0,0,0,0,671,690,0,526,0,813,0,0,0,0,0,0,0,0,0,447,0,0,0,237,0,0,0,0,0,0,0,0,0,547,0
0,0,0,0,0,0,0,0,0,0,0,0,0,873,0,718,151,0,0,0,698,0,0,0,0,0,0,0,0,489,0,0,0,0,0,0,0,0,0,0,0,0,0,0,0,0,0,0,0,0
0,0,0,0,0,0,0,0,0,0,0,0,0,0,447,18,453,0,0,0,788,0,670,0,0,235,0,853,0,0,0,745,0,0,0,0,0,0,0,587,0,0,0,0,0,0,0,0,0,0
0,0,0,0,0,0,0,0,0,0,0,0,0,0,0,789,296,978,324,928,571,0,0,226,768,0,0,0,0,0,0,0,513,0,0,0,0,0,0,0,396,0,0,0,0,0,0,0,0,0
0,0,0,0,0,0,0,0,0,0,0,0,0,0,0,0,322,99,837,56,0,0,0,0,0,0,0,0,0,0,0,0,0,0,0,0,0,0,0,0,0,0,0,0,0,0,0,0,0,0
0,0,0,0,0,0,0,0,0,0,0,0,0,0,0,0,0,0,67,0,0,286,343,0,104,0,0,721,0,0,0,0,0,0,0,0,0,0,0,0,0,0,0,0,0,0,0,0,0,0
0,0,0,0,0,0,0,0,0,0,0,0,0,0,0,0,0,0,954,0,0,236,0,332,505,0,0,0,0,0,0,0,0,0,0,0,0,0,0,0,451,0,0,0,0,0,0,0,0,0
0,0,0,0,0,0,0,0,0,0,0,0,0,0,0,0,0,0,0,345,457,829,0,935,0,0,0,0,0,0,0,0,0,0,0,0,0,0,0,0,0,0,0,0,869,0,0,0,0,0
0,0,0,0,0,0,0,0,0,0,0,0,0,0,0,0,0,0,0,0,0,0,0,0,0,0,0,0,0,0,0,0,0,0,911,0,0,0,0,0,0,0,0,644,0,0,0,0,0,0
0,0,0,0,0,0,0,0,0,0,0,0,0,0,0,0,0,0,0,0,0,705,0,636,612,0,0,0,0,0,0,0,0,0,0,0,0,0,0,0,0,0,0,0,0,0,0,0,0,0
0,0,0,0,0,0,0,0,0,0,0,0,0,0,0,0,0,0,0,0,0,0,0,410,0,0,0,0,0,0,0,0,0,0,0,0,0,0,0,0,0,0,0,0,0,0,796,0,0,0
0,0,0,0,0,0,0,0,0,0,0,0,0,0,0,0,0,0,0,0,0,0,0,0,299,0,0,0,0,0,0,0,0,0,0,0,489,0,0,0,0,0,0,0,0,0,0,0,0,0
0,0,0,0,0,0,0,0,0,0,0,0,0,0,0,0,0,0,0,0,0,0,0,0,888,0,0,0,0,0,0,0,0,0,111,0,0,0,0,0,0,0,0,0,0,0,0,0,0,0
0,0,0,0,0,0,0,0,0,0,0,0,0,0,0,0,0,0,0,0,0,0,0,0,0,0,0,0,0,0,0,0,0,0,0,0,0,0,0,0,0,0,0,0,0,0,0,0,0,0
0,0,0,0,0,0,0,0,0,0,0,0,0,0,0,0,0,0,0,0,0,0,0,0,0,0,0,0,0,716,609,898,532,0,0,0,0,559,0,535,905,590,446,610,603,58,0,111,720,0
0,0,0,0,0,0,0,0,0,0,0,0,0,0,0,0,0,0,0,0,0,0,0,0,0,0,0,0,0,540,0,0,138,0,466,903,799,0,744,572,0,717,0,221,0,314,596,281,0,0
0,0,0,0,0,0,0,0,0,0,0,0,0,0,0,0,0,0,0,0,0,0,0,0,0,0,0,0,0,820,0,508,0,0,618,0,0,0,198,401,903,401,0,0,0,461,57,0,0,0
0,0,0,0,0,0,0,0,0,0,0,0,0,0,0,0,0,0,0,0,0,0,0,0,0,0,0,0,0,0,620,0,0,0,378,0,0,428,408,333,280,456,0,0,958,906,923,297,0,113
0,0,0,0,0,0,0,0,0,0,0,0,0,0,0,0,0,0,0,0,0,0,0,0,0,0,0,0,0,0,0,0,472,0,0,78,0,0,0,945,997,0,0,0,934,0,220,0,611,0
0,0,0,0,0,0,0,0,0,0,0,0,0,0,0,0,0,0,0,0,0,0,0,0,0,0,0,0,0,0,0,386,979,221,0,450,0,344,932,875,169,524,700,0,0,0,0,680,0,203
0,0,0,0,0,0,0,0,0,0,0,0,0,0,0,0,0,0,0,0,0,0,0,0,0,0,0,0,0,0,0,0,0,891,0,373,131,0,0,621,88,0,0,727,539,0,714,674,178,0
0,0,0,0,0,0,0,0,0,0,0,0,0,0,0,0,0,0,0,0,0,0,0,0,0,0,0,0,0,0,0,0,0,630,0,0,0,0,58,457,111,0,266,0,202,0,0,96,0,0
0,0,0,0,0,0,0,0,0,0,0,0,0,0,0,0,0,0,0,0,0,0,0,0,0,0,0,0,0,0,0,0,0,0,0,595,845,843,0,496,0,0,377,399,400,380,136,0,0,705
0,0,0,0,0,0,0,0,0,0,0,0,0,0,0,0,0,0,0,0,0,0,0,0,0,0,0,0,0,0,0,0,0,0,0,0,570,762,669,0,0,0,174,299,202,654,0,191,810,0
0,0,0,0,0,0,0,0,0,0,0,0,0,0,0,0,0,0,0,0,0,0,0,0,0,0,0,0,0,0,0,0,0,0,0,0,0,0,646,0,806,485,843,0,759,798,179,368,17,68
0,0,0,0,0,0,0,0,0,0,0,0,0,0,0,0,0,0,0,0,0,0,0,0,0,0,0,0,0,0,0,0,0,0,0,0,0,0,884,0,670,595,346,0,0,0,236,0,627,742
0,0,0,0,0,0,0,0,0,0,0,0,0,0,0,0,0,0,0,0,0,0,0,0,0,0,0,0,0,0,0,0,0,0,0,0,0,0,0,917,0,461,621,506,431,0,0,142,781,709
0,0,0,0,0,0,0,0,0,0,0,0,0,0,0,0,0,0,0,0,0,0,0,0,0,0,0,0,0,0,0,0,0,0,0,0,0,0,0,700,0,0,584,321,0,858,994,0,673,393
0,0,0,0,0,0,0,0,0,0,0,0,0,0,0,0,0,0,0,0,0,0,0,0,0,0,0,0,0,0,0,0,0,0,0,0,0,0,0,0,0,582,490,593,387,758,0,0,413,65
0,0,0,0,0,0,0,0,0,0,0,0,0,0,0,0,0,0,0,0,0,0,0,0,0,0,0,0,0,0,0,0,0,0,0,0,0,0,0,0,0,815,707,0,263,451,0,0,0,649
0,0,0,0,0,0,0,0,0,0,0,0,0,0,0,0,0,0,0,0,0,0,0,0,0,0,0,0,0,0,0,0,0,0,0,0,0,0,0,0,0,0,666,0,0,524,0,208,126,0
0,0,0,0,0,0,0,0,0,0,0,0,0,0,0,0,0,0,0,0,0,0,0,0,0,0,0,0,0,0,0,0,0,0,0,0,0,0,0,0,0,0,0,386,513,0,0,940,339,585
0,0,0,0,0,0,0,0,0,0,0,0,0,0,0,0,0,0,0,0,0,0,0,0,0,0,0,0,0,0,0,0,0,0,0,0,0,0,0,0,0,0,0,0,0,0,0,0,0,0
0,0,0,0,0,0,0,0,0,0,0,0,0,0,0,0,0,0,0,0,0,0,0,0,0,0,0,0,0,0,0,0,0,0,0,0,0,0,0,0,0,0,0,0,0,0,442,564,0,492
0,0,0,0,0,0,0,0,0,0,0,0,0,0,0,0,0,0,0,0,0,0,0,0,0,0,0,0,0,0,0,0,0,0,0,0,0,0,0,0,0,0,0,0,0,0,0,659,822,552
0,0,0,0,0,0,0,0,0,0,0,0,0,0,0,0,0,0,0,0,0,0,0,0,0,0,0,0,0,0,0,0,0,0,0,0,0,0,0,0,0,0,0,0,0,0,0,0,0,421
0,0,0,0,0,0,0,0,0,0,0,0,0,0,0,0,0,0,0,0,0,0,0,0,0,0,0,0,0,0,0,0,0,0,0,0,0,0,0,0,0,0,0,0,0,0,0,0,423,0
0,0,0,0,0,0,0,0,0,0,0,0,0,0,0,0,0,0,0,0,0,0,0,0,0,0,0,0,0,0,0,0,0,0,0,0,0,0,0,0,0,0,0,0,0,0,0,0,0,17
0,0,0,0,0,0,0,0,0,0,0,0,0,0,0,0,0,0,0,0,0,0,0,0,0,0,0,0,0,0,0,0,0,0,0,0,0,0,0,0,0,0,0,0,0,0,0,0,0,0
