Resources for each physical machine type:
21940,14276
10946,5313
10929,21307
Available number for each physical machine type:
14
14
70
Activation cost for each physical machine type:
200
120
180
Number of micro-service types:
55
Required number for each micro-service type:
10
180
10
10
270
10
20
40
10
10
10
10
510
10
20
60
30
10
20
30
20
10
60
10
10
10
30
20
90
20
20
10
30
10
40
50
30
20
30
10
10
10
10
10
30
10
10
20
10
10
50
10
20
10
10
Resource requirements for each micro-service type:
588,748
774,192
316,184
200,48
582,188
316,50
294,182
610,96
1168,370
1172,372
586,186
584,184
420,50
4586,1486
562,536
420,50
754,752
1802,454
602,370
334,186
1728,302
1246,376
324,50
166,270
350,108
884,214
588,92
1176,372
386,8
338,22
328,52
572,180
584,182
308,96
162,90
362,180
356,50
308,98
570,362
294,186
400,96
734,232
172,48
374,94
570,362
314,92
1140,904
282,88
1452,828
302,98
626,188
1144,544
632,178
298,192
328,180
Total invoking flow matrix:
0,0,633,0,694,0,0,0,0,686,0,171,0,696,0,0,0,818,774,435,0,125,231,0,205,935,26,0,668,0,0,0,0,0,0,0,0,0,0,0,0,0,0,0,0,0,0,0,0,0,0,0,0,0,0
0,0,0,893,253,271,0,503,862,0,343,0,322,177,0,788,0,0,750,459,698,509,913,0,59,0,0,0,89,0,0,0,0,54,0,773,0,0,0,0,0,0,0,0,0,0,0,0,338,0,0,0,0,0,0
0,0,0,690,0,767,579,818,0,0,0,591,0,446,878,0,464,872,561,0,554,892,781,566,301,179,549,0,0,0,0,0,0,0,0,0,0,105,0,0,0,0,0,0,0,0,0,905,292,0,0,0,0,0,0
0,0,0,0,351,969,350,0,158,0,0,538,0,540,978,0,543,0,301,574,1,706,843,784,0,0,174,0,0,0,0,0,895,0,0,0,0,0,0,0,0,485,0,0,329,0,110,0,101,0,0,0,0,0,0
0,0,0,0,0,0,880,0,115,0,0,0,348,0,0,9,0,154,110,715,0,0,793,518,0,22,0,0,0,0,0,0,0,0,798,0,57,0,0,0,0,0,0,300,0,0,0,0,0,0,0,0,0,0,0
0,0,0,0,0,0,64,0,119,0,0,786,586,0,648,292,810,738,606,904,0,0,0,0,499,688,0,0,0,772,0,0,0,0,0,0,0,552,0,0,0,0,0,0,484,0,0,0,0,0,0,675,0,0,0
0,0,0,0,0,0,0,0,431,0,0,0,962,343,0,66,0,116,0,0,0,0,814,0,534,0,0,0,0,0,0,0,0,0,0,0,0,0,0,0,0,0,0,0,0,0,0,0,0,0,0,0,0,0,0
0,0,0,0,0,0,0,0,0,395,0,0,0,0,0,0,324,375,0,632,553,0,587,61,718,79,0,0,673,0,0,0,0,531,0,0,0,0,0,0,0,0,0,0,0,0,0,0,0,0,0,0,0,0,0
0,0,0,0,0,0,0,0,0,701,0,150,369,0,0,0,0,246,0,460,0,48,315,0,0,0,0,0,0,0,0,0,0,0,746,62,0,0,0,0,0,0,0,0,0,0,0,0,0,0,0,0,0,0,0
0,0,0,0,0,0,0,0,0,0,0,0,0,0,54,0,387,510,236,0,409,737,0,951,0,0,252,0,0,0,0,0,0,0,0,0,685,0,0,0,0,0,0,0,0,0,0,0,0,0,0,0,0,0,0
0,0,0,0,0,0,0,0,0,0,0,342,0,0,339,0,138,675,0,0,0,0,98,301,144,0,0,0,0,0,0,0,0,0,0,0,0,0,0,0,0,0,0,0,0,0,0,0,0,0,0,0,0,0,0
0,0,0,0,0,0,0,0,0,0,0,0,0,563,679,111,0,0,0,0,0,0,211,0,588,169,789,897,0,995,0,0,0,0,0,0,0,0,0,610,0,0,0,0,0,0,0,0,0,0,0,0,0,0,0
0,0,0,0,0,0,0,0,0,0,0,0,0,313,0,230,0,0,720,857,68,0,0,0,0,0,739,0,0,0,0,0,0,0,0,0,0,0,0,0,0,0,0,0,0,0,0,396,0,0,0,104,0,0,0
0,0,0,0,0,0,0,0,0,0,0,0,0,0,959,0,982,0,595,817,0,209,0,0,0,487,57,0,0,826,0,0,0,0,0,0,176,0,0,0,0,0,0,0,0,0,0,0,0,0,0,0,0,0,0
0,0,0,0,0,0,0,0,0,0,0,0,0,0,0,0,529,0,0,0,0,0,68,0,123,0,944,0,0,0,0,0,0,0,0,0,0,0,0,0,0,0,0,0,0,0,0,0,0,0,0,0,0,0,0
0,0,0,0,0,0,0,0,0,0,0,0,0,0,0,0,932,411,38,763,0,0,659,0,0,852,0,0,0,0,0,0,0,0,0,0,0,0,0,0,0,730,0,0,0,0,0,105,368,0,0,0,0,432,0
0,0,0,0,0,0,0,0,0,0,0,0,0,0,0,0,0,199,0,174,972,880,867,699,995,0,573,0,0,0,0,0,0,0,0,0,0,0,0,0,0,0,0,0,0,0,0,583,0,0,0,0,0,0,0
0,0,0,0,0,0,0,0,0,0,0,0,0,0,0,0,0,0,0,419,0,451,0,0,306,156,589,0,0,934,0,0,0,0,0,0,0,0,0,0,0,0,0,0,0,0,0,0,0,0,0,0,0,0,0
0,0,0,0,0,0,0,0,0,0,0,0,0,0,0,0,0,0,0,356,925,849,955,495,381,0,77,0,0,0,130,0,0,0,0,0,0,0,0,0,0,0,397,0,0,0,0,433,288,0,0,0,0,0,0
0,0,0,0,0,0,0,0,0,0,0,0,0,0,0,0,0,0,0,0,875,154,0,832,0,0,186,0,0,0,0,0,0,735,0,0,0,0,0,0,0,0,0,0,90,0,562,0,0,0,0,0,0,0,0
0,0,0,0,0,0,0,0,0,0,0,0,0,0,0,0,0,0,0,0,0,628,147,465,0,113,417,0,0,0,0,0,0,0,0,0,0,0,0,0,0,0,0,0,0,0,0,0,0,0,0,0,684,0,0
0,0,0,0,0,0,0,0,0,0,0,0,0,0,0,0,0,0,0,0,0,0,823,682,0,0,171,0,0,0,0,0,0,0,0,0,0,0,0,0,0,0,0,0,0,0,0,0,0,0,0,0,0,0,0
0,0,0,0,0,0,0,0,0,0,0,0,0,0,0,0,0,0,0,0,0,0,0,224,598,398,0,0,0,0,0,0,0,0,0,0,0,0,0,0,0,0,0,0,0,0,0,0,0,0,0,0,0,0,0
0,0,0,0,0,0,0,0,0,0,0,0,0,0,0,0,0,0,0,0,0,0,0,0,537,0,0,0,0,0,0,0,0,0,0,0,0,0,0,0,0,0,0,0,0,0,0,0,734,0,0,0,0,0,0
0,0,0,0,0,0,0,0,0,0,0,0,0,0,0,0,0,0,0,0,0,0,0,0,0,914,0,0,0,0,0,0,0,0,0,0,0,0,0,0,0,0,0,0,0,0,0,0,0,0,0,0,0,0,0
0,0,0,0,0,0,0,0,0,0,0,0,0,0,0,0,0,0,0,0,0,0,0,0,0,0,0,0,0,0,0,0,0,0,0,0,0,0,0,0,0,0,0,0,0,0,0,0,0,0,86,0,0,0,0
0,0,0,0,0,0,0,0,0,0,0,0,0,0,0,0,0,0,0,0,0,0,0,0,0,0,0,0,0,0,0,0,0,0,0,0,0,0,0,0,0,0,0,0,0,0,0,0,0,0,0,0,0,0,0
0,0,0,0,0,0,0,0,0,0,0,0,0,0,0,0,0,0,0,0,0,0,0,0,0,0,0,0,0,0,0,711,207,552,0,256,221,0,0,0,0,0,0,52,0,0,0,949,508,454,0,0,0,237,0
0,0,0,0,0,0,0,0,0,0,0,0,0,0,0,0,0,0,0,0,0,0,0,0,0,0,0,0,0,165,704,0,349,0,734,0,0,0,0,0,0,695,0,312,1000,858,956,792,582,258,797,868,215,0,7
0,0,0,0,0,0,0,0,0,0,0,0,0,0,0,0,0,0,0,0,0,0,0,0,0,0,0,0,0,0,595,108,0,108,0,0,166,601,514,205,687,0,0,0,0,979,0,0,507,0,218,220,0,580,36
0,0,0,0,0,0,0,0,0,0,0,0,0,0,0,0,0,0,0,0,0,0,0,0,0,0,0,0,0,0,0,0,0,989,748,708,0,817,0,715,0,0,0,584,411,0,0,0,0,327,272,0,213,862,589
0,0,0,0,0,0,0,0,0,0,0,0,0,0,0,0,0,0,0,0,0,0,0,0,0,0,0,0,0,0,0,0,293,0,0,813,0,40,413,478,0,0,0,221,0,370,0,0,495,0,0,0,998,387,81
0,0,0,0,0,0,0,0,0,0,0,0,0,0,0,0,0,0,0,0,0,0,0,0,0,0,0,0,0,0,0,0,0,342,86,0,0,375,0,0,0,0,125,608,0,0,0,727,0,0,0,274,438,618,836
0,0,0,0,0,0,0,0,0,0,0,0,0,0,0,0,0,0,0,0,0,0,0,0,0,0,0,0,0,0,0,0,0,0,0,39,0,242,0,0,268,0,404,590,0,241,557,463,0,417,0,0,0,0,640
0,0,0,0,0,0,0,0,0,0,0,0,0,0,0,0,0,0,0,0,0,0,0,0,0,0,0,0,0,0,0,0,0,0,0,178,0,304,478,0,110,0,647,0,0,0,768,246,0,68,0,963,0,762,139
0,0,0,0,0,0,0,0,0,0,0,0,0,0,0,0,0,0,0,0,0,0,0,0,0,0,0,0,0,0,0,0,0,0,0,0,0,25,997,423,0,157,294,0,710,480,186,272,0,700,0,52,902,286,0
0,0,0,0,0,0,0,0,0,0,0,0,0,0,0,0,0,0,0,0,0,0,0,0,0,0,0,0,0,0,0,0,0,0,0,0,0,873,0,206,0,574,585,931,0,0,0,0,0,783,423,697,950,13,0
0,0,0,0,0,0,0,0,0,0,0,0,0,0,0,0,0,0,0,0,0,0,0,0,0,0,0,0,0,0,0,0,0,0,0,0,0,0,0,0,0,0,0,955,0,0,299,321,691,450,0,187,291,173,959
0,0,0,0,0,0,0,0,0,0,0,0,0,0,0,0,0,0,0,0,0,0,0,0,0,0,0,0,0,0,0,0,0,0,0,0,0,0,0,0,0,603,399,0,698,0,230,0,0,412,0,0,416,360,726
0,0,0,0,0,0,0,0,0,0,0,0,0,0,0,0,0,0,0,0,0,0,0,0,0,0,0,0,0,0,0,0,0,0,0,0,0,0,0,0,79,0,925,813,171,0,128,0,430,0,0,105,0,404,0
0,0,0,0,0,0,0,0,0,0,0,0,0,0,0,0,0,0,0,0,0,0,0,0,0,0,0,0,0,0,0,0,0,0,0,0,0,0,0,0,0,0,0,0,0,0,0,0,0,0,993,0,0,323,332
0,0,0,0,0,0,0,0,0,0,0,0,0,0,0,0,0,0,0,0,0,0,0,0,0,0,0,0,0,0,0,0,0,0,0,0,0,0,0,0,0,0,0,171,229,0,0,904,0,381,0,0,863,0,396
0,0,0,0,0,0,0,0,0,0,0,0,0,0,0,0,0,0,0,0,0,0,0,0,0,0,0,0,0,0,0,0,0,0,0,0,0,0,0,0,0,0,0,0,0,160,0,529,0,0,503,973,976,584,0
0,0,0,0,0,0,0,0,0,0,0,0,0,0,0,0,0,0,0,0,0,0,0,0,0,0,0,0,0,0,0,0,0,0,0,0,0,0,0,0,0,0,0,0,0,0,0,118,263,629,0,343,0,529,0
0,0,0,0,0,0,0,0,0,0,0,0,0,0,0,0,0,0,0,0,0,0,0,0,0,0,0,0,0,0,0,0,0,0,0,0,0,0,0,0,0,0,0,0,0,698,0,0,415,666,0,806,0,963,828
0,0,0,0,0,0,0,0,0,0,0,0,0,0,0,0,0,0,0,0,0,0,0,0,0,0,0,0,0,0,0,0,0,0,0,0,0,0,0,0,0,0,0,0,0,0,0,429,0,0,0,919,165,472,0
0,0,0,0,0,0,0,0,0,0,0,0,0,0,0,0,0,0,0,0,0,0,0,0,0,0,0,0,0,0,0,0,0,0,0,0,0,0,0,0,0,0,0,0,0,0,0,0,0,811,0,0,980,591,0
0,0,0,0,0,0,0,0,0,0,0,0,0,0,0,0,0,0,0,0,0,0,0,0,0,0,0,0,0,0,0,0,0,0,0,0,0,0,0,0,0,0,0,0,0,0,0,0,782,707,0,0,0,762,594
0,0,0,0,0,0,0,0,0,0,0,0,0,0,0,0,0,0,0,0,0,0,0,0,0,0,0,0,0,0,0,0,0,0,0,0,0,0,0,0,0,0,0,0,0,0,0,0,0,0,482,771,442,358,0
0,0,0,0,0,0,0,0,0,0,0,0,0,0,0,0,0,0,0,0,0,0,0,0,0,0,0,0,0,0,0,0,0,0,0,0,0,0,0,0,0,0,0,0,0,0,0,0,0,0,354,712,0,215,0
0,0,0,0,0,0,0,0,0,0,0,0,0,0,0,0,0,0,0,0,0,0,0,0,0,0,0,0,0,0,0,0,0,0,0,0,0,0,0,0,0,0,0,0,0,0,0,0,0,0,0,847,0,0,0
0,0,0,0,0,0,0,0,0,0,0,0,0,0,0,0,0,0,0,0,0,0,0,0,0,0,0,0,0,0,0,0,0,0,0,0,0,0,0,0,0,0,0,0,0,0,0,0,0,0,0,0,0,0,0
0,0,0,0,0,0,0,0,0,0,0,0,0,0,0,0,0,0,0,0,0,0,0,0,0,0,0,0,0,0,0,0,0,0,0,0,0,0,0,0,0,0,0,0,0,0,0,0,0,0,0,0,0,559,24
0,0,0,0,0,0,0,0,0,0,0,0,0,0,0,0,0,0,0,0,0,0,0,0,0,0,0,0,0,0,0,0,0,0,0,0,0,0,0,0,0,0,0,0,0,0,0,0,0,0,0,0,0,0,290
0,0,0,0,0,0,0,0,0,0,0,0,0,0,0,0,0,0,0,0,0,0,0,0,0,0,0,0,0,0,0,0,0,0,0,0,0,0,0,0,0,0,0,0,0,0,0,0,0,0,0,0,0,0,0
