Resources for each physical machine type:
21940,14276
10946,5313
10929,21307
Available number for each physical machine type:
14
14
70
Activation cost for each physical machine type:
200
120
180
Number of micro-service types:
51
Required number for each micro-service type:
10
180
10
10
270
10
20
40
10
10
10
10
510
10
20
70
30
10
50
30
30
10
10
10
20
20
50
20
10
160
10
60
30
10
30
10
20
10
30
20
10
20
10
10
10
50
20
10
10
10
10
Resource requirements for each micro-service type:
588,748
774,192
316,184
200,48
582,188
316,50
294,182
610,96
1168,370
1172,372
586,186
584,184
420,50
4586,1486
562,536
420,50
754,752
1802,454
602,370
334,186
164,44
2358,466
610,46
288,188
1728,302
668,270
324,50
166,270
884,214
386,8
468,278
338,22
328,52
572,180
584,182
308,96
162,90
290,92
290,200
356,50
582,368
294,186
338,218
400,96
882,714
374,94
570,362
1138,722
586,372
1368,758
1154,196
Total invoking flow matrix:
0,386,0,0,392,0,498,495,0,735,504,0,835,0,622,204,982,0,0,49,0,0,0,907,0,0,0,0,0,0,0,0,0,0,0,0,0,0,0,882,0,0,0,0,0,0,0,0,0,0,0
0,0,840,249,0,92,0,262,139,290,235,59,106,0,754,0,0,0,0,649,222,0,160,0,604,0,0,0,0,0,0,0,531,0,527,0,0,0,97,0,0,0,42,269,0,0,0,0,0,0,0
0,0,0,409,0,621,0,0,317,0,328,0,503,77,831,0,0,0,22,0,929,0,0,56,694,0,0,0,173,0,0,0,0,0,0,0,0,0,0,226,0,494,0,0,0,0,0,0,0,0,0
0,0,0,0,0,0,0,268,355,824,0,619,143,0,622,120,321,548,0,14,114,0,69,0,435,0,0,0,0,0,0,0,0,0,0,0,0,0,0,0,0,519,0,0,0,0,0,0,0,171,0
0,0,0,0,0,422,814,0,932,0,772,0,379,726,0,386,631,246,0,0,0,783,0,376,288,744,0,0,0,0,0,0,0,0,0,94,0,0,0,0,0,0,0,0,0,0,0,0,0,0,0
0,0,0,0,0,0,0,0,0,0,752,667,0,0,0,874,0,0,0,0,199,0,567,0,0,0,0,0,0,0,0,0,0,0,0,0,0,0,0,0,0,0,0,0,0,0,0,29,0,0,0
0,0,0,0,0,0,0,596,0,0,0,0,0,315,0,964,0,0,762,545,0,123,0,0,0,0,0,0,0,0,0,0,0,0,0,0,0,0,0,23,265,0,0,0,0,0,0,0,0,0,0
0,0,0,0,0,0,0,0,0,450,0,0,0,0,0,723,439,0,0,944,0,501,406,0,574,0,0,611,0,0,0,0,0,0,0,15,0,0,0,0,0,0,0,0,0,0,0,0,0,0,0
0,0,0,0,0,0,0,0,0,187,0,297,0,0,888,0,0,0,0,108,933,0,71,0,0,0,0,0,0,490,0,0,0,0,0,0,0,0,0,108,0,0,0,0,0,0,0,0,920,0,0
0,0,0,0,0,0,0,0,0,0,0,639,192,41,120,1000,0,728,251,477,0,0,414,975,0,0,0,0,0,0,0,0,0,0,0,0,0,0,0,252,0,0,0,0,0,803,0,0,0,0,0
0,0,0,0,0,0,0,0,0,0,0,0,0,900,0,0,114,513,0,102,662,0,612,0,200,0,0,0,0,0,0,0,161,0,0,825,0,0,943,0,0,628,0,0,0,0,0,0,0,301,0
0,0,0,0,0,0,0,0,0,0,0,0,827,0,323,0,765,0,0,0,235,0,900,284,0,0,0,0,0,979,0,0,0,0,0,0,0,0,0,0,0,0,0,0,0,0,0,0,0,156,0
0,0,0,0,0,0,0,0,0,0,0,0,0,891,666,216,190,0,0,0,0,0,0,0,0,0,0,0,0,0,0,0,0,0,0,0,905,0,0,0,0,0,0,0,0,0,0,0,0,0,0
0,0,0,0,0,0,0,0,0,0,0,0,0,0,0,230,578,0,0,992,0,0,0,954,0,0,0,0,0,0,0,0,0,0,0,0,0,0,0,0,0,0,0,0,0,0,0,0,0,0,0
0,0,0,0,0,0,0,0,0,0,0,0,0,0,0,726,0,879,165,0,0,0,993,0,0,0,0,0,0,0,0,0,0,0,0,0,696,0,0,0,859,0,0,0,0,0,0,0,0,0,0
0,0,0,0,0,0,0,0,0,0,0,0,0,0,0,0,0,829,145,114,0,0,0,788,690,0,0,0,0,0,0,0,0,0,0,820,0,0,0,0,0,0,0,0,0,0,0,0,0,0,0
0,0,0,0,0,0,0,0,0,0,0,0,0,0,0,0,0,0,0,600,536,675,84,145,62,0,0,0,0,369,0,0,0,0,0,0,0,0,0,0,34,178,0,0,0,0,0,0,0,0,0
0,0,0,0,0,0,0,0,0,0,0,0,0,0,0,0,0,0,0,563,936,0,535,955,149,0,0,0,0,0,0,0,0,0,0,0,0,471,0,0,0,0,0,0,0,0,0,0,0,531,0
0,0,0,0,0,0,0,0,0,0,0,0,0,0,0,0,0,0,0,0,0,0,0,0,0,0,0,0,0,0,0,0,0,0,0,0,0,0,0,0,0,0,904,0,0,0,0,0,0,0,0
0,0,0,0,0,0,0,0,0,0,0,0,0,0,0,0,0,0,0,0,974,791,0,0,744,0,0,0,0,0,0,0,0,0,0,0,0,0,0,183,0,0,0,0,0,722,0,0,0,730,0
0,0,0,0,0,0,0,0,0,0,0,0,0,0,0,0,0,0,0,0,0,30,680,429,921,0,0,0,0,0,0,0,0,0,0,0,0,0,0,0,0,376,0,0,0,0,0,0,0,0,0
0,0,0,0,0,0,0,0,0,0,0,0,0,0,0,0,0,0,0,0,0,0,355,0,587,0,0,0,0,0,0,0,0,699,0,0,0,0,0,0,0,0,0,0,0,0,818,0,0,0,0
0,0,0,0,0,0,0,0,0,0,0,0,0,0,0,0,0,0,0,0,0,0,0,0,0,0,0,0,0,0,0,0,0,0,0,0,0,0,0,0,0,0,0,0,0,0,0,0,0,0,0
0,0,0,0,0,0,0,0,0,0,0,0,0,0,0,0,0,0,0,0,0,0,0,0,0,0,0,0,0,106,0,0,0,0,0,0,0,0,0,0,0,800,0,0,0,0,0,0,0,0,0
0,0,0,0,0,0,0,0,0,0,0,0,0,0,0,0,0,0,0,0,0,0,0,0,0,0,0,0,0,0,0,0,0,0,0,0,0,0,0,0,0,0,0,0,0,0,0,0,0,0,0
0,0,0,0,0,0,0,0,0,0,0,0,0,0,0,0,0,0,0,0,0,0,0,0,0,0,446,16,614,0,0,0,0,0,0,292,0,0,851,553,0,0,998,0,639,424,0,0,0,0,629
0,0,0,0,0,0,0,0,0,0,0,0,0,0,0,0,0,0,0,0,0,0,0,0,0,0,0,0,145,0,892,0,353,0,0,642,0,0,0,754,0,727,159,0,614,0,0,320,0,844,0
0,0,0,0,0,0,0,0,0,0,0,0,0,0,0,0,0,0,0,0,0,0,0,0,0,0,0,0,263,0,0,519,0,691,0,0,0,503,0,358,304,479,877,630,0,33,0,212,0,815,0
0,0,0,0,0,0,0,0,0,0,0,0,0,0,0,0,0,0,0,0,0,0,0,0,0,0,0,0,0,0,0,530,960,933,415,0,0,254,0,949,907,708,0,0,594,0,0,0,0,65,0
0,0,0,0,0,0,0,0,0,0,0,0,0,0,0,0,0,0,0,0,0,0,0,0,0,0,0,0,0,0,0,0,0,147,0,935,479,125,593,707,0,239,200,0,0,546,0,0,0,518,285
0,0,0,0,0,0,0,0,0,0,0,0,0,0,0,0,0,0,0,0,0,0,0,0,0,0,0,0,0,0,0,447,0,360,921,0,0,78,0,0,260,0,0,669,785,722,702,483,269,806,702
0,0,0,0,0,0,0,0,0,0,0,0,0,0,0,0,0,0,0,0,0,0,0,0,0,0,0,0,0,0,0,0,655,0,0,0,192,93,402,0,176,0,704,0,0,0,0,0,0,534,0
0,0,0,0,0,0,0,0,0,0,0,0,0,0,0,0,0,0,0,0,0,0,0,0,0,0,0,0,0,0,0,0,0,158,0,0,0,0,805,0,0,662,97,0,694,0,0,0,937,0,0
0,0,0,0,0,0,0,0,0,0,0,0,0,0,0,0,0,0,0,0,0,0,0,0,0,0,0,0,0,0,0,0,0,0,290,0,620,0,48,882,191,0,334,0,690,396,834,0,0,0,0
0,0,0,0,0,0,0,0,0,0,0,0,0,0,0,0,0,0,0,0,0,0,0,0,0,0,0,0,0,0,0,0,0,0,0,629,0,0,772,0,0,0,365,0,330,510,0,293,158,0,935
0,0,0,0,0,0,0,0,0,0,0,0,0,0,0,0,0,0,0,0,0,0,0,0,0,0,0,0,0,0,0,0,0,0,0,0,969,365,0,917,973,0,368,568,0,83,126,0,0,925,0
0,0,0,0,0,0,0,0,0,0,0,0,0,0,0,0,0,0,0,0,0,0,0,0,0,0,0,0,0,0,0,0,0,0,0,0,0,377,0,0,821,0,647,0,0,804,743,323,0,339,0
0,0,0,0,0,0,0,0,0,0,0,0,0,0,0,0,0,0,0,0,0,0,0,0,0,0,0,0,0,0,0,0,0,0,0,0,0,0,0,189,788,0,513,0,0,0,203,81,893,938,0
0,0,0,0,0,0,0,0,0,0,0,0,0,0,0,0,0,0,0,0,0,0,0,0,0,0,0,0,0,0,0,0,0,0,0,0,0,0,0,850,0,0,0,0,0,0,0,721,0,0,0
0,0,0,0,0,0,0,0,0,0,0,0,0,0,0,0,0,0,0,0,0,0,0,0,0,0,0,0,0,0,0,0,0,0,0,0,0,0,0,0,574,569,0,0,402,800,0,0,0,0,0
0,0,0,0,0,0,0,0,0,0,0,0,0,0,0,0,0,0,0,0,0,0,0,0,0,0,0,0,0,0,0,0,0,0,0,0,0,0,0,0,0,0,0,0,743,30,433,0,263,455,312
0,0,0,0,0,0,0,0,0,0,0,0,0,0,0,0,0,0,0,0,0,0,0,0,0,0,0,0,0,0,0,0,0,0,0,0,0,0,0,0,0,0,302,144,353,0,0,0,201,0,0
0,0,0,0,0,0,0,0,0,0,0,0,0,0,0,0,0,0,0,0,0,0,0,0,0,0,0,0,0,0,0,0,0,0,0,0,0,0,0,0,0,0,0,0,0,0,833,0,174,75,810
0,0,0,0,0,0,0,0,0,0,0,0,0,0,0,0,0,0,0,0,0,0,0,0,0,0,0,0,0,0,0,0,0,0,0,0,0,0,0,0,0,0,0,0,342,996,46,276,707,622,0
0,0,0,0,0,0,0,0,0,0,0,0,0,0,0,0,0,0,0,0,0,0,0,0,0,0,0,0,0,0,0,0,0,0,0,0,0,0,0,0,0,0,0,0,0,0,621,0,0,10,815
0,0,0,0,0,0,0,0,0,0,0,0,0,0,0,0,0,0,0,0,0,0,0,0,0,0,0,0,0,0,0,0,0,0,0,0,0,0,0,0,0,0,0,0,0,0,0,0,0,0,897
0,0,0,0,0,0,0,0,0,0,0,0,0,0,0,0,0,0,0,0,0,0,0,0,0,0,0,0,0,0,0,0,0,0,0,0,0,0,0,0,0,0,0,0,0,0,0,548,0,662,622
0,0,0,0,0,0,0,0,0,0,0,0,0,0,0,0,0,0,0,0,0,0,0,0,0,0,0,0,0,0,0,0,0,0,0,0,0,0,0,0,0,0,0,0,0,0,0,0,472,466,0
0,0,0,0,0,0,0,0,0,0,0,0,0,0,0,0,0,0,0,0,0,0,0,0,0,0,0,0,0,0,0,0,0,0,0,0,0,0,0,0,0,0,0,0,0,0,0,0,0,219,0
0,0,0,0,0,0,0,0,0,0,0,0,0,0,0,0,0,0,0,0,0,0,0,0,0,0,0,0,0,0,0,0,0,0,0,0,0,0,0,0,0,0,0,0,0,0,0,0,0,0,0
0,0,0,0,0,0,0,0,0,0,0,0,0,0,0,0,0,0,0,0,0,0,0,0,0,0,0,0,0,0,0,0,0,0,0,0,0,0,0,0,0,0,0,0,0,0,0,0,0,0,0
