Resources for each physical machine type:
21940,14276
10946,5313
10929,21307
Available number for each physical machine type:
16
16
80
Activation cost for each physical machine type:
200
120
180
Number of micro-service types:
53
Required number for each micro-service type:
10
180
10
10
270
10
20
40
10
10
10
10
510
10
20
150
80
10
30
40
20
30
20
80
20
20
10
50
20
210
40
30
10
50
10
40
70
30
80
20
20
10
40
10
10
10
10
10
20
60
10
20
10
Resource requirements for each micro-service type:
588,748
774,192
316,184
200,48
582,188
316,50
294,182
610,96
1168,370
1172,372
586,186
584,184
420,50
4586,1486
562,536
420,50
754,752
1802,454
602,370
334,186
1174,186
1728,302
1246,376
324,50
166,270
350,108
884,214
588,92
1176,372
386,8
338,22
328,52
572,180
584,182
308,96
162,90
362,180
290,200
356,50
308,98
424,92
582,368
570,362
294,186
400,96
564,376
734,232
172,48
374,94
570,362
314,92
1140,904
586,372
Total invoking flow matrix:
0,0,0,351,0,573,0,0,506,0,822,632,0,0,494,521,0,946,504,469,0,0,0,0,0,555,0,0,0,0,0,0,0,0,0,0,0,0,0,536,0,0,0,0,0,0,0,0,0,0,0,0,0
0,0,493,138,0,627,19,628,742,0,0,31,0,0,84,0,0,0,334,692,0,0,0,0,633,0,0,0,36,0,0,0,0,0,427,0,0,0,0,0,0,0,0,0,411,0,558,0,818,0,0,0,0
0,0,0,0,0,0,0,0,396,795,990,0,846,695,606,0,47,923,968,0,725,510,0,0,0,735,0,470,0,0,0,0,0,0,0,233,0,0,0,0,315,0,0,0,0,0,0,0,0,0,0,413,0
0,0,0,0,0,0,436,0,30,643,0,995,261,312,646,711,951,0,795,0,0,0,0,0,1000,145,0,0,0,0,0,0,0,0,0,0,0,0,0,0,0,0,0,0,0,0,0,0,0,0,0,0,0
0,0,0,0,0,0,767,0,0,0,0,0,0,375,940,0,0,0,0,0,799,0,0,0,0,884,0,0,0,0,0,0,0,0,0,671,0,0,0,0,628,0,0,0,0,0,16,0,0,0,0,0,0
0,0,0,0,0,0,232,0,968,0,0,52,0,677,761,840,554,761,666,821,70,907,7,422,484,0,0,0,0,0,0,0,0,0,0,0,0,0,0,0,0,0,0,0,0,0,0,0,0,0,0,0,0
0,0,0,0,0,0,0,0,120,0,0,0,0,302,190,105,0,433,0,751,0,263,0,314,0,182,0,0,0,0,0,0,0,0,900,0,0,0,0,0,0,0,0,0,0,0,0,0,0,0,0,0,0
0,0,0,0,0,0,0,0,0,127,135,0,0,0,0,974,0,0,0,0,0,0,0,57,0,0,0,0,0,294,0,0,0,0,0,603,0,0,0,0,0,0,0,0,0,0,0,0,0,0,0,0,0
0,0,0,0,0,0,0,0,0,825,0,0,32,606,0,0,0,288,507,356,0,0,0,0,364,52,0,0,0,0,0,0,0,0,0,0,0,0,766,0,0,0,0,0,0,0,0,0,0,0,0,0,0
0,0,0,0,0,0,0,0,0,0,276,0,0,576,0,833,658,519,0,0,967,0,385,656,0,419,0,0,0,0,0,0,0,2,0,0,0,0,616,0,0,0,0,0,0,0,0,0,0,0,0,0,0
0,0,0,0,0,0,0,0,0,0,0,0,0,0,708,899,0,554,0,794,0,0,0,0,840,241,0,0,0,0,0,0,419,0,0,0,0,0,710,0,0,0,0,0,0,0,0,0,0,0,0,0,0
0,0,0,0,0,0,0,0,0,0,0,0,716,0,0,0,0,944,168,0,150,0,0,0,770,837,183,0,0,0,0,885,0,0,0,0,0,0,0,0,0,0,0,0,0,0,0,0,385,0,0,0,0
0,0,0,0,0,0,0,0,0,0,0,0,0,378,252,0,0,390,0,220,598,0,324,724,0,0,0,0,0,0,0,0,0,0,0,0,0,0,0,0,0,0,0,0,0,0,0,0,0,0,0,0,0
0,0,0,0,0,0,0,0,0,0,0,0,0,0,118,0,0,0,0,0,704,358,760,0,881,809,0,0,0,0,0,0,0,0,0,0,0,0,0,0,0,0,0,0,0,0,0,0,620,0,0,0,0
0,0,0,0,0,0,0,0,0,0,0,0,0,0,0,583,0,741,628,378,0,38,210,509,597,380,0,0,0,0,0,0,0,0,0,0,0,0,0,0,0,253,0,0,0,0,0,0,0,0,0,228,0
0,0,0,0,0,0,0,0,0,0,0,0,0,0,0,0,64,0,352,0,894,73,0,397,0,553,0,0,0,163,0,0,0,0,0,0,0,0,0,0,0,0,0,0,0,0,0,0,0,0,0,0,0
0,0,0,0,0,0,0,0,0,0,0,0,0,0,0,0,0,991,446,0,0,0,99,331,0,0,628,0,0,0,0,0,0,0,0,0,86,0,0,0,0,0,0,0,0,274,0,0,57,136,0,0,0
0,0,0,0,0,0,0,0,0,0,0,0,0,0,0,0,0,0,0,0,0,0,0,0,64,501,0,0,0,0,0,0,0,0,0,695,0,0,0,0,0,0,0,0,0,0,0,0,0,0,0,0,0
0,0,0,0,0,0,0,0,0,0,0,0,0,0,0,0,0,0,0,0,51,0,0,0,0,0,0,0,0,0,0,0,0,0,0,0,0,0,0,0,0,0,70,0,154,0,0,0,0,0,0,0,0
0,0,0,0,0,0,0,0,0,0,0,0,0,0,0,0,0,0,0,0,0,0,17,0,334,0,0,0,0,0,0,0,271,0,0,347,0,0,0,0,0,0,0,0,0,0,0,0,0,0,0,0,0
0,0,0,0,0,0,0,0,0,0,0,0,0,0,0,0,0,0,0,0,0,905,0,781,0,240,729,0,0,707,0,0,0,0,0,0,0,0,0,0,0,0,0,0,0,0,0,0,0,0,0,0,0
0,0,0,0,0,0,0,0,0,0,0,0,0,0,0,0,0,0,0,0,0,0,0,0,333,0,0,0,0,0,0,0,0,771,0,0,765,0,0,0,0,0,0,0,0,0,0,0,809,0,0,0,0
0,0,0,0,0,0,0,0,0,0,0,0,0,0,0,0,0,0,0,0,0,0,0,196,575,377,0,0,0,0,0,0,0,0,0,0,0,992,0,0,0,0,0,0,0,0,0,0,0,0,0,0,0
0,0,0,0,0,0,0,0,0,0,0,0,0,0,0,0,0,0,0,0,0,0,0,0,0,637,748,0,0,0,75,0,0,437,0,0,0,0,0,0,0,0,0,0,0,0,0,0,0,0,0,0,0
0,0,0,0,0,0,0,0,0,0,0,0,0,0,0,0,0,0,0,0,0,0,0,0,0,0,0,0,0,0,0,0,0,0,0,0,0,0,0,0,0,0,0,0,0,135,0,0,0,0,0,0,0
0,0,0,0,0,0,0,0,0,0,0,0,0,0,0,0,0,0,0,0,0,0,0,0,0,0,0,0,0,0,0,0,0,0,0,0,0,0,0,0,0,0,0,0,0,0,0,0,0,0,0,0,0
0,0,0,0,0,0,0,0,0,0,0,0,0,0,0,0,0,0,0,0,0,0,0,0,0,0,0,0,0,892,0,0,0,249,301,853,401,0,0,577,642,480,316,0,0,0,0,539,0,794,0,0,0
0,0,0,0,0,0,0,0,0,0,0,0,0,0,0,0,0,0,0,0,0,0,0,0,0,0,0,0,0,774,872,0,970,634,0,311,0,0,225,0,0,0,589,822,283,310,127,0,0,86,0,0,0
0,0,0,0,0,0,0,0,0,0,0,0,0,0,0,0,0,0,0,0,0,0,0,0,0,0,0,0,0,826,0,872,735,648,0,0,14,908,0,0,522,0,520,362,0,277,168,699,0,0,542,903,0
0,0,0,0,0,0,0,0,0,0,0,0,0,0,0,0,0,0,0,0,0,0,0,0,0,0,0,0,0,0,135,78,742,0,484,0,55,0,0,170,0,151,0,886,0,877,707,0,898,851,0,159,537
0,0,0,0,0,0,0,0,0,0,0,0,0,0,0,0,0,0,0,0,0,0,0,0,0,0,0,0,0,0,0,308,0,0,0,0,312,305,0,369,0,52,228,0,472,0,0,0,472,513,289,0,538
0,0,0,0,0,0,0,0,0,0,0,0,0,0,0,0,0,0,0,0,0,0,0,0,0,0,0,0,0,0,0,0,600,0,250,524,301,763,240,829,637,0,332,916,0,840,143,12,119,0,0,0,588
0,0,0,0,0,0,0,0,0,0,0,0,0,0,0,0,0,0,0,0,0,0,0,0,0,0,0,0,0,0,0,0,0,0,273,0,0,0,952,0,578,0,521,0,0,0,741,0,716,0,0,0,0
0,0,0,0,0,0,0,0,0,0,0,0,0,0,0,0,0,0,0,0,0,0,0,0,0,0,0,0,0,0,0,0,0,0,133,0,0,176,0,418,829,199,0,0,269,997,0,0,0,0,268,587,142
0,0,0,0,0,0,0,0,0,0,0,0,0,0,0,0,0,0,0,0,0,0,0,0,0,0,0,0,0,0,0,0,0,0,0,0,186,0,502,351,0,52,105,980,242,0,0,0,290,0,0,0,0
0,0,0,0,0,0,0,0,0,0,0,0,0,0,0,0,0,0,0,0,0,0,0,0,0,0,0,0,0,0,0,0,0,0,0,0,0,797,701,0,0,0,0,0,519,0,631,78,0,0,139,95,0
0,0,0,0,0,0,0,0,0,0,0,0,0,0,0,0,0,0,0,0,0,0,0,0,0,0,0,0,0,0,0,0,0,0,0,0,0,779,0,941,0,564,0,841,0,0,0,0,0,460,0,809,989
0,0,0,0,0,0,0,0,0,0,0,0,0,0,0,0,0,0,0,0,0,0,0,0,0,0,0,0,0,0,0,0,0,0,0,0,0,0,900,687,845,0,548,507,925,0,282,0,762,971,0,812,182
0,0,0,0,0,0,0,0,0,0,0,0,0,0,0,0,0,0,0,0,0,0,0,0,0,0,0,0,0,0,0,0,0,0,0,0,0,0,0,0,393,0,0,849,676,0,781,0,109,91,178,0,0
0,0,0,0,0,0,0,0,0,0,0,0,0,0,0,0,0,0,0,0,0,0,0,0,0,0,0,0,0,0,0,0,0,0,0,0,0,0,0,0,719,0,0,0,880,0,165,0,0,0,0,706,0
0,0,0,0,0,0,0,0,0,0,0,0,0,0,0,0,0,0,0,0,0,0,0,0,0,0,0,0,0,0,0,0,0,0,0,0,0,0,0,0,0,180,839,0,0,282,268,864,939,0,0,0,0
0,0,0,0,0,0,0,0,0,0,0,0,0,0,0,0,0,0,0,0,0,0,0,0,0,0,0,0,0,0,0,0,0,0,0,0,0,0,0,0,0,0,234,0,0,0,0,489,0,0,0,0,942
0,0,0,0,0,0,0,0,0,0,0,0,0,0,0,0,0,0,0,0,0,0,0,0,0,0,0,0,0,0,0,0,0,0,0,0,0,0,0,0,0,0,0,187,0,146,267,606,329,954,836,216,0
0,0,0,0,0,0,0,0,0,0,0,0,0,0,0,0,0,0,0,0,0,0,0,0,0,0,0,0,0,0,0,0,0,0,0,0,0,0,0,0,0,0,0,0,0,0,0,837,17,524,287,0,353
0,0,0,0,0,0,0,0,0,0,0,0,0,0,0,0,0,0,0,0,0,0,0,0,0,0,0,0,0,0,0,0,0,0,0,0,0,0,0,0,0,0,0,0,0,0,454,936,792,608,276,758,756
0,0,0,0,0,0,0,0,0,0,0,0,0,0,0,0,0,0,0,0,0,0,0,0,0,0,0,0,0,0,0,0,0,0,0,0,0,0,0,0,0,0,0,0,0,0,817,0,455,0,352,584,595
0,0,0,0,0,0,0,0,0,0,0,0,0,0,0,0,0,0,0,0,0,0,0,0,0,0,0,0,0,0,0,0,0,0,0,0,0,0,0,0,0,0,0,0,0,0,0,0,285,0,0,0,829
0,0,0,0,0,0,0,0,0,0,0,0,0,0,0,0,0,0,0,0,0,0,0,0,0,0,0,0,0,0,0,0,0,0,0,0,0,0,0,0,0,0,0,0,0,0,0,0,0,849,786,0,236
0,0,0,0,0,0,0,0,0,0,0,0,0,0,0,0,0,0,0,0,0,0,0,0,0,0,0,0,0,0,0,0,0,0,0,0,0,0,0,0,0,0,0,0,0,0,0,0,0,0,1,0,817
0,0,0,0,0,0,0,0,0,0,0,0,0,0,0,0,0,0,0,0,0,0,0,0,0,0,0,0,0,0,0,0,0,0,0,0,0,0,0,0,0,0,0,0,0,0,0,0,0,0,0,404,0
0,0,0,0,0,0,0,0,0,0,0,0,0,0,0,0,0,0,0,0,0,0,0,0,0,0,0,0,0,0,0,0,0,0,0,0,0,0,0,0,0,0,0,0,0,0,0,0,0,0,0,528,652
0,0,0,0,0,0,0,0,0,0,0,0,0,0,0,0,0,0,0,0,0,0,0,0,0,0,0,0,0,0,0,0,0,0,0,0,0,0,0,0,0,0,0,0,0,0,0,0,0,0,0,0,0
0,0,0,0,0,0,0,0,0,0,0,0,0,0,0,0,0,0,0,0,0,0,0,0,0,0,0,0,0,0,0,0,0,0,0,0,0,0,0,0,0,0,0,0,0,0,0,0,0,0,0,0,0
