Number of physical machine types:
3
Resources for each physical machine type:
128,256
64,256
128,128
Available number for each physical machine type:
92
92
92
Activation cost for each physical machine type:
200
150
150
Number of micro-service types:
40
Required number for each micro-service type:
4
13
19
20
8
3
9
15
19
7
5
17
16
20
5
15
6
7
18
12
6
9
6
7
8
9
19
13
7
9
10
17
20
20
9
3
17
17
7
2
Resource requirements for each micro-service type:
33,69
27,72
25,76
24,31
17,51
20,41
15,45
19,44
30,34
18,64
31,37
26,72
31,29
32,66
35,37
23,56
32,43
37,54
38,74
13,65
30,27
36,34
27,42
20,66
21,73
29,46
24,35
22,31
20,74
26,53
17,69
17,40
31,26
36,28
38,39
38,67
33,73
24,76
19,54
33,75
Total invoking flow matrix:
0,993,914,966,342,9,929,41,65,775,845,65,598,403,183,927,291,905,103,452,992,590,252,70,9,995,592,748,319,8,423,357,733,938,741,523,328,71,273,348
0,0,370,118,340,416,169,571,850,255,774,957,231,178,542,709,111,873,241,764,825,483,351,267,547,202,4,570,933,73,741,18,158,974,811,927,270,877,126,358
0,0,0,750,138,241,173,854,275,526,275,248,301,863,216,756,941,58,906,395,334,797,564,274,107,744,549,781,647,659,16,241,385,169,960,874,527,214,35,119
0,0,0,0,67,618,233,667,773,234,512,642,839,598,169,268,358,774,100,799,909,872,600,161,953,793,14,348,432,305,504,915,615,354,402,219,303,35,449,850
0,0,0,0,0,272,554,210,966,894,437,202,80,453,144,455,195,903,698,269,677,752,342,298,268,540,551,116,878,111,544,389,283,259,152,856,442,285,780,663
0,0,0,0,0,0,25,68,671,293,687,110,623,441,674,224,338,496,991,217,608,197,758,494,405,373,311,71,536,221,969,402,987,216,103,200,1000,36,560,621
0,0,0,0,0,0,0,157,275,446,245,674,624,449,790,316,542,256,809,324,432,707,436,707,663,492,266,43,402,233,119,715,267,440,300,471,271,104,548,522
0,0,0,0,0,0,0,0,242,350,979,4,929,982,344,444,553,445,971,229,96,289,604,74,433,528,532,250,834,265,495,743,894,646,117,37,206,287,286,673
0,0,0,0,0,0,0,0,0,481,195,632,93,964,499,334,896,775,709,408,379,638,722,451,349,272,401,821,950,541,633,916,331,767,737,756,383,411,338,615
0,0,0,0,0,0,0,0,0,0,981,300,622,887,686,202,419,884,797,260,432,788,371,396,846,16,517,225,66,469,391,520,511,633,966,550,458,999,957,278
0,0,0,0,0,0,0,0,0,0,0,93,749,212,784,684,654,554,349,562,894,870,359,52,19,548,852,268,63,847,356,221,862,949,156,394,746,12,135,922
0,0,0,0,0,0,0,0,0,0,0,0,740,573,228,24,712,132,613,20,32,247,346,477,954,917,67,684,612,491,559,281,231,670,893,273,534,121,180,918
0,0,0,0,0,0,0,0,0,0,0,0,0,730,16,328,730,563,119,821,926,718,313,90,898,291,622,836,275,281,50,133,182,851,40,596,67,892,889,405
0,0,0,0,0,0,0,0,0,0,0,0,0,0,920,865,48,396,597,351,922,733,716,671,991,447,512,609,277,627,71,954,988,871,429,190,652,499,820,675
0,0,0,0,0,0,0,0,0,0,0,0,0,0,0,370,902,551,67,394,205,134,418,351,572,67,966,790,488,361,760,626,633,882,152,729,996,33,488,240
0,0,0,0,0,0,0,0,0,0,0,0,0,0,0,0,473,193,415,785,307,426,489,763,159,374,976,25,742,701,910,100,41,690,162,161,436,252,2,668
0,0,0,0,0,0,0,0,0,0,0,0,0,0,0,0,0,402,645,805,249,410,592,483,924,178,705,202,855,328,822,631,506,128,69,304,851,531,236,713
0,0,0,0,0,0,0,0,0,0,0,0,0,0,0,0,0,0,363,693,64,206,849,818,653,560,676,216,945,695,290,914,451,725,447,386,313,5,982,751
0,0,0,0,0,0,0,0,0,0,0,0,0,0,0,0,0,0,0,478,711,106,500,945,909,507,491,988,21,573,672,899,807,495,205,802,716,269,735,271
0,0,0,0,0,0,0,0,0,0,0,0,0,0,0,0,0,0,0,0,712,98,507,900,794,839,618,587,547,459,101,87,381,505,260,500,897,393,585,85
0,0,0,0,0,0,0,0,0,0,0,0,0,0,0,0,0,0,0,0,0,867,287,138,152,495,236,706,394,171,135,520,251,489,419,585,600,606,150,373
0,0,0,0,0,0,0,0,0,0,0,0,0,0,0,0,0,0,0,0,0,0,144,134,8,703,555,617,694,270,832,421,168,475,910,758,69,973,763,673
0,0,0,0,0,0,0,0,0,0,0,0,0,0,0,0,0,0,0,0,0,0,0,622,157,752,531,688,959,785,272,958,509,926,671,560,386,256,346,336
0,0,0,0,0,0,0,0,0,0,0,0,0,0,0,0,0,0,0,0,0,0,0,0,528,734,746,866,536,104,875,52,771,640,129,287,212,890,198,638
0,0,0,0,0,0,0,0,0,0,0,0,0,0,0,0,0,0,0,0,0,0,0,0,0,710,261,956,86,40,589,453,522,500,539,849,909,679,907,591
0,0,0,0,0,0,0,0,0,0,0,0,0,0,0,0,0,0,0,0,0,0,0,0,0,0,454,899,760,881,121,66,433,248,776,748,86,637,916,674
0,0,0,0,0,0,0,0,0,0,0,0,0,0,0,0,0,0,0,0,0,0,0,0,0,0,0,119,448,765,685,600,834,336,134,377,892,808,944,914
0,0,0,0,0,0,0,0,0,0,0,0,0,0,0,0,0,0,0,0,0,0,0,0,0,0,0,0,67,688,567,609,264,600,418,613,273,345,411,223
0,0,0,0,0,0,0,0,0,0,0,0,0,0,0,0,0,0,0,0,0,0,0,0,0,0,0,0,0,70,935,665,144,130,84,730,282,948,433,701
0,0,0,0,0,0,0,0,0,0,0,0,0,0,0,0,0,0,0,0,0,0,0,0,0,0,0,0,0,0,302,505,30,133,678,586,961,764,203,18
0,0,0,0,0,0,0,0,0,0,0,0,0,0,0,0,0,0,0,0,0,0,0,0,0,0,0,0,0,0,0,670,116,693,755,107,220,334,77,422
0,0,0,0,0,0,0,0,0,0,0,0,0,0,0,0,0,0,0,0,0,0,0,0,0,0,0,0,0,0,0,0,742,451,140,224,749,697,179,430
0,0,0,0,0,0,0,0,0,0,0,0,0,0,0,0,0,0,0,0,0,0,0,0,0,0,0,0,0,0,0,0,0,368,345,954,376,264,412,796
0,0,0,0,0,0,0,0,0,0,0,0,0,0,0,0,0,0,0,0,0,0,0,0,0,0,0,0,0,0,0,0,0,0,328,729,932,514,448,642
0,0,0,0,0,0,0,0,0,0,0,0,0,0,0,0,0,0,0,0,0,0,0,0,0,0,0,0,0,0,0,0,0,0,0,134,383,883,848,999
0,0,0,0,0,0,0,0,0,0,0,0,0,0,0,0,0,0,0,0,0,0,0,0,0,0,0,0,0,0,0,0,0,0,0,0,337,450,968,575
0,0,0,0,0,0,0,0,0,0,0,0,0,0,0,0,0,0,0,0,0,0,0,0,0,0,0,0,0,0,0,0,0,0,0,0,0,236,295,32
0,0,0,0,0,0,0,0,0,0,0,0,0,0,0,0,0,0,0,0,0,0,0,0,0,0,0,0,0,0,0,0,0,0,0,0,0,0,929,486
0,0,0,0,0,0,0,0,0,0,0,0,0,0,0,0,0,0,0,0,0,0,0,0,0,0,0,0,0,0,0,0,0,0,0,0,0,0,0,560
0,0,0,0,0,0,0,0,0,0,0,0,0,0,0,0,0,0,0,0,0,0,0,0,0,0,0,0,0,0,0,0,0,0,0,0,0,0,0,0
