Number of physical machine types:
3
Resources for each physical machine type:
128,256
64,256
128,128
Available number for each physical machine type:
85
85
85
Activation cost for each physical machine type:
200
150
150
Number of micro-service types:
40
Required number for each micro-service type:
18
18
17
3
8
4
3
7
7
7
19
19
3
16
5
6
9
6
3
18
10
6
15
19
19
16
1
4
19
8
13
15
8
14
7
6
7
11
16
10
Resource requirements for each micro-service type:
33,67
18,54
34,27
20,39
37,44
14,43
13,57
32,46
21,75
31,75
14,49
25,63
23,43
31,59
27,44
27,53
13,72
25,75
15,76
27,62
26,44
29,37
15,44
16,36
26,67
29,62
16,60
25,40
20,63
26,51
31,39
20,37
36,57
37,71
21,39
18,59
13,42
29,53
14,52
27,67
Total invoking flow matrix:
0,935,419,89,964,888,229,750,177,784,429,456,484,84,885,845,712,194,470,417,392,249,927,985,938,259,194,684,700,988,489,790,323,90,576,114,898,886,839,644
0,0,17,496,769,700,620,54,831,329,436,233,231,126,297,295,471,975,272,136,707,982,241,354,671,851,724,228,589,407,497,223,625,835,75,160,749,582,476,823
0,0,0,393,130,404,186,350,75,980,341,291,458,628,283,845,744,110,953,477,5,980,478,236,217,789,716,130,18,130,968,372,389,593,605,617,104,370,427,327
0,0,0,0,914,495,743,54,966,733,319,577,62,880,332,195,121,665,996,276,983,506,984,539,444,125,231,958,808,322,160,631,944,135,429,732,136,772,383,12
0,0,0,0,0,715,32,815,187,566,503,154,51,108,355,964,159,215,807,683,74,347,418,174,941,218,522,531,361,660,559,214,616,211,649,220,297,810,83,657
0,0,0,0,0,0,800,233,554,886,736,751,79,634,894,213,390,53,87,853,6,98,95,695,216,835,842,33,517,613,980,399,777,263,692,929,470,834,93,377
0,0,0,0,0,0,0,636,722,174,376,341,893,831,242,519,684,587,828,258,598,423,44,416,288,490,300,988,928,388,504,107,974,447,250,125,440,916,596,480
0,0,0,0,0,0,0,0,620,254,669,829,866,651,113,164,324,730,54,495,625,625,274,312,82,893,219,323,17,155,49,974,367,83,75,867,561,857,860,942
0,0,0,0,0,0,0,0,0,22,69,794,27,295,831,877,155,618,55,969,115,962,321,285,695,870,215,421,499,929,198,338,731,466,262,637,526,146,21,262
0,0,0,0,0,0,0,0,0,0,667,819,383,307,26,553,604,883,991,729,141,667,750,518,161,294,193,630,21,685,792,353,564,243,412,830,180,903,811,639
0,0,0,0,0,0,0,0,0,0,0,845,371,181,159,704,538,619,766,696,3,811,452,701,919,436,412,485,466,927,454,15,836,495,403,267,261,3,853,922
0,0,0,0,0,0,0,0,0,0,0,0,815,6,930,131,279,417,772,800,365,971,670,351,134,927,252,655,765,576,243,154,824,256,13,421,471,345,593,655
0,0,0,0,0,0,0,0,0,0,0,0,0,328,91,394,993,755,726,560,710,882,762,711,470,203,903,506,738,739,421,554,675,627,868,295,426,943,218,409
0,0,0,0,0,0,0,0,0,0,0,0,0,0,381,13,665,456,934,21,314,218,281,86,869,295,704,490,407,688,297,857,308,352,805,402,139,482,824,921
0,0,0,0,0,0,0,0,0,0,0,0,0,0,0,954,542,225,393,316,965,200,701,77,182,110,168,600,859,321,293,767,94,740,492,638,30,460,732,982
0,0,0,0,0,0,0,0,0,0,0,0,0,0,0,0,206,340,868,895,174,965,26,274,607,657,312,130,661,569,650,797,918,276,259,55,601,118,40,545
0,0,0,0,0,0,0,0,0,0,0,0,0,0,0,0,0,275,202,882,248,889,363,481,366,25,411,880,104,982,555,716,224,886,506,591,442,819,734,932
0,0,0,0,0,0,0,0,0,0,0,0,0,0,0,0,0,0,599,95,803,880,991,926,603,401,195,199,483,388,471,542,363,869,704,896,321,161,871,586
0,0,0,0,0,0,0,0,0,0,0,0,0,0,0,0,0,0,0,288,868,785,351,533,543,407,617,367,485,144,251,685,783,665,21,116,743,185,978,343
0,0,0,0,0,0,0,0,0,0,0,0,0,0,0,0,0,0,0,0,634,198,540,580,451,771,686,238,586,945,185,52,960,298,532,672,722,955,493,722
0,0,0,0,0,0,0,0,0,0,0,0,0,0,0,0,0,0,0,0,0,509,250,205,231,391,294,879,40,954,754,477,14,626,965,344,579,604,804,741
0,0,0,0,0,0,0,0,0,0,0,0,0,0,0,0,0,0,0,0,0,0,646,253,995,726,306,950,637,199,115,94,495,141,23,706,320,432,599,48
0,0,0,0,0,0,0,0,0,0,0,0,0,0,0,0,0,0,0,0,0,0,0,352,10,676,124,38,104,584,583,353,961,149,431,318,979,870,965,564
0,0,0,0,0,0,0,0,0,0,0,0,0,0,0,0,0,0,0,0,0,0,0,0,747,839,495,546,379,777,824,785,961,8,610,953,8,673,519,737
0,0,0,0,0,0,0,0,0,0,0,0,0,0,0,0,0,0,0,0,0,0,0,0,0,877,880,280,477,91,901,109,969,764,877,257,635,247,666,228
0,0,0,0,0,0,0,0,0,0,0,0,0,0,0,0,0,0,0,0,0,0,0,0,0,0,885,910,752,744,326,132,95,804,253,779,200,436,892,593
0,0,0,0,0,0,0,0,0,0,0,0,0,0,0,0,0,0,0,0,0,0,0,0,0,0,0,378,12,206,481,563,815,975,315,994,773,288,910,786
0,0,0,0,0,0,0,0,0,0,0,0,0,0,0,0,0,0,0,0,0,0,0,0,0,0,0,0,485,716,279,34,437,499,24,729,803,608,460,994
0,0,0,0,0,0,0,0,0,0,0,0,0,0,0,0,0,0,0,0,0,0,0,0,0,0,0,0,0,462,268,653,945,886,200,181,789,534,179,833
0,0,0,0,0,0,0,0,0,0,0,0,0,0,0,0,0,0,0,0,0,0,0,0,0,0,0,0,0,0,772,329,428,996,169,825,299,532,46,858
0,0,0,0,0,0,0,0,0,0,0,0,0,0,0,0,0,0,0,0,0,0,0,0,0,0,0,0,0,0,0,689,622,770,320,839,970,207,789,46
0,0,0,0,0,0,0,0,0,0,0,0,0,0,0,0,0,0,0,0,0,0,0,0,0,0,0,0,0,0,0,0,520,319,919,648,94,807,195,325
0,0,0,0,0,0,0,0,0,0,0,0,0,0,0,0,0,0,0,0,0,0,0,0,0,0,0,0,0,0,0,0,0,870,459,653,261,214,206,974
0,0,0,0,0,0,0,0,0,0,0,0,0,0,0,0,0,0,0,0,0,0,0,0,0,0,0,0,0,0,0,0,0,0,663,343,961,308,806,926
0,0,0,0,0,0,0,0,0,0,0,0,0,0,0,0,0,0,0,0,0,0,0,0,0,0,0,0,0,0,0,0,0,0,0,967,923,395,266,440
0,0,0,0,0,0,0,0,0,0,0,0,0,0,0,0,0,0,0,0,0,0,0,0,0,0,0,0,0,0,0,0,0,0,0,0,470,408,947,500
0,0,0,0,0,0,0,0,0,0,0,0,0,0,0,0,0,0,0,0,0,0,0,0,0,0,0,0,0,0,0,0,0,0,0,0,0,105,207,297
0,0,0,0,0,0,0,0,0,0,0,0,0,0,0,0,0,0,0,0,0,0,0,0,0,0,0,0,0,0,0,0,0,0,0,0,0,0,433,943
0,0,0,0,0,0,0,0,0,0,0,0,0,0,0,0,0,0,0,0,0,0,0,0,0,0,0,0,0,0,0,0,0,0,0,0,0,0,0,285
0,0,0,0,0,0,0,0,0,0,0,0,0,0,0,0,0,0,0,0,0,0,0,0,0,0,0,0,0,0,0,0,0,0,0,0,0,0,0,0
