Number of physical machine types:
3
Resources for each physical machine type:
128,256
64,256
128,128
Available number for each physical machine type:
86
86
86
Activation cost for each physical machine type:
200
150
150
Number of micro-service types:
40
Required number for each micro-service type:
16
19
10
4
2
2
10
19
15
14
10
12
3
11
16
18
16
7
9
5
3
5
11
6
13
13
5
14
19
2
18
11
5
16
12
5
2
19
8
17
Resource requirements for each micro-service type:
25,75
30,31
15,75
36,63
13,31
16,36
20,51
13,57
29,70
18,60
17,65
19,48
38,38
23,72
21,56
36,47
16,65
36,65
16,71
23,38
15,45
31,27
31,55
31,53
25,40
34,48
38,46
14,35
30,48
17,52
18,28
18,54
34,63
25,26
21,51
28,54
20,73
21,61
22,48
24,50
Total invoking flow matrix:
0,323,609,730,153,128,475,110,395,412,484,976,284,743,730,20,623,602,417,446,110,878,739,971,535,200,491,460,867,546,941,52,70,15,476,551,559,905,570,541
0,0,547,599,943,322,529,797,486,41,311,206,581,385,14,182,709,329,460,158,168,461,768,912,56,662,335,133,116,363,189,427,633,960,740,430,826,827,984,280
0,0,0,866,444,471,843,21,812,539,256,264,780,791,428,981,137,225,287,878,169,814,694,727,618,710,604,229,294,48,792,146,126,11,989,890,835,635,853,13
0,0,0,0,51,830,333,388,867,83,185,736,942,184,786,466,442,85,417,234,463,556,470,983,971,801,702,353,348,49,889,144,567,663,240,783,407,812,466,204
0,0,0,0,0,441,733,600,576,734,74,797,245,676,505,48,787,495,206,503,767,765,520,329,121,252,819,802,42,577,238,51,41,198,593,258,294,434,136,284
0,0,0,0,0,0,629,42,699,839,742,577,936,784,78,687,951,863,328,330,61,321,774,46,265,112,414,639,76,149,842,719,858,396,615,358,136,568,248,414
0,0,0,0,0,0,0,212,376,144,401,23,667,71,149,607,721,297,628,180,512,855,915,938,167,913,277,6,296,42,651,862,121,813,725,885,374,226,645,872
0,0,0,0,0,0,0,0,55,844,222,565,564,959,139,230,714,446,119,64,727,165,893,384,2,997,934,645,843,85,246,256,186,510,558,460,314,339,618,791
0,0,0,0,0,0,0,0,0,614,608,777,209,509,668,468,949,219,345,158,660,972,721,515,637,381,162,61,58,432,765,674,994,893,5,746,141,251,3,843
0,0,0,0,0,0,0,0,0,0,359,238,140,644,649,167,846,22,873,773,339,395,968,992,899,611,668,909,617,516,352,45,671,444,342,254,986,322,272,766
0,0,0,0,0,0,0,0,0,0,0,322,7,55,937,811,806,263,556,958,214,893,173,883,819,645,457,794,315,777,123,368,968,108,594,739,483,321,7,440
0,0,0,0,0,0,0,0,0,0,0,0,323,690,186,213,34,442,171,211,676,456,393,501,583,787,867,638,174,107,294,541,458,859,469,464,255,787,863,116
0,0,0,0,0,0,0,0,0,0,0,0,0,784,545,342,737,1,156,84,966,701,821,886,582,654,370,396,732,809,959,243,221,501,125,997,228,186,462,316
0,0,0,0,0,0,0,0,0,0,0,0,0,0,174,444,310,733,220,715,542,328,8,17,276,767,346,932,734,779,836,268,374,871,293,969,133,99,435,491
0,0,0,0,0,0,0,0,0,0,0,0,0,0,0,918,894,903,342,571,920,874,803,771,0,232,935,957,466,215,28,508,482,434,551,556,527,512,558,835
0,0,0,0,0,0,0,0,0,0,0,0,0,0,0,0,399,817,698,753,969,790,801,372,578,621,828,360,567,113,376,495,355,97,679,216,784,301,560,77
0,0,0,0,0,0,0,0,0,0,0,0,0,0,0,0,0,673,633,146,588,403,190,93,626,84,610,870,71,397,9,758,630,81,862,24,68,373,727,659
0,0,0,0,0,0,0,0,0,0,0,0,0,0,0,0,0,0,564,266,338,319,416,995,429,83,193,885,648,845,180,286,817,991,345,448,523,224,253,71
0,0,0,0,0,0,0,0,0,0,0,0,0,0,0,0,0,0,0,221,513,297,659,883,419,338,457,858,89,607,475,210,126,165,477,489,430,630,960,863
0,0,0,0,0,0,0,0,0,0,0,0,0,0,0,0,0,0,0,0,45,905,570,846,49,948,390,627,334,447,118,692,455,764,703,985,657,197,597,242
0,0,0,0,0,0,0,0,0,0,0,0,0,0,0,0,0,0,0,0,0,869,369,710,129,196,163,908,743,834,586,568,536,48,14,741,346,903,717,504
0,0,0,0,0,0,0,0,0,0,0,0,0,0,0,0,0,0,0,0,0,0,238,971,581,99,226,706,487,286,935,561,949,771,600,781,970,365,521,715
0,0,0,0,0,0,0,0,0,0,0,0,0,0,0,0,0,0,0,0,0,0,0,138,926,605,974,780,473,284,11,514,472,836,133,395,423,940,41,597
0,0,0,0,0,0,0,0,0,0,0,0,0,0,0,0,0,0,0,0,0,0,0,0,148,704,683,24,723,674,917,261,697,977,520,540,621,686,360,953
0,0,0,0,0,0,0,0,0,0,0,0,0,0,0,0,0,0,0,0,0,0,0,0,0,132,672,613,142,270,46,898,643,118,876,397,593,860,563,673
0,0,0,0,0,0,0,0,0,0,0,0,0,0,0,0,0,0,0,0,0,0,0,0,0,0,88,806,909,339,418,773,867,486,752,751,769,751,657,507
0,0,0,0,0,0,0,0,0,0,0,0,0,0,0,0,0,0,0,0,0,0,0,0,0,0,0,914,241,590,457,619,744,503,492,393,148,400,296,83
0,0,0,0,0,0,0,0,0,0,0,0,0,0,0,0,0,0,0,0,0,0,0,0,0,0,0,0,932,919,580,669,196,141,726,777,18,975,449,897
0,0,0,0,0,0,0,0,0,0,0,0,0,0,0,0,0,0,0,0,0,0,0,0,0,0,0,0,0,567,672,915,70,481,883,206,873,329,230,515
0,0,0,0,0,0,0,0,0,0,0,0,0,0,0,0,0,0,0,0,0,0,0,0,0,0,0,0,0,0,476,593,601,366,172,605,946,690,778,889
0,0,0,0,0,0,0,0,0,0,0,0,0,0,0,0,0,0,0,0,0,0,0,0,0,0,0,0,0,0,0,323,555,252,721,107,832,315,142,20
0,0,0,0,0,0,0,0,0,0,0,0,0,0,0,0,0,0,0,0,0,0,0,0,0,0,0,0,0,0,0,0,0,834,209,589,723,849,552,158
0,0,0,0,0,0,0,0,0,0,0,0,0,0,0,0,0,0,0,0,0,0,0,0,0,0,0,0,0,0,0,0,0,312,472,648,844,84,232,802
0,0,0,0,0,0,0,0,0,0,0,0,0,0,0,0,0,0,0,0,0,0,0,0,0,0,0,0,0,0,0,0,0,0,854,671,499,31,23,123
0,0,0,0,0,0,0,0,0,0,0,0,0,0,0,0,0,0,0,0,0,0,0,0,0,0,0,0,0,0,0,0,0,0,0,958,648,968,280,495
0,0,0,0,0,0,0,0,0,0,0,0,0,0,0,0,0,0,0,0,0,0,0,0,0,0,0,0,0,0,0,0,0,0,0,0,403,489,76,313
0,0,0,0,0,0,0,0,0,0,0,0,0,0,0,0,0,0,0,0,0,0,0,0,0,0,0,0,0,0,0,0,0,0,0,0,0,770,905,439
0,0,0,0,0,0,0,0,0,0,0,0,0,0,0,0,0,0,0,0,0,0,0,0,0,0,0,0,0,0,0,0,0,0,0,0,0,0,993,603
0,0,0,0,0,0,0,0,0,0,0,0,0,0,0,0,0,0,0,0,0,0,0,0,0,0,0,0,0,0,0,0,0,0,0,0,0,0,0,252
0,0,0,0,0,0,0,0,0,0,0,0,0,0,0,0,0,0,0,0,0,0,0,0,0,0,0,0,0,0,0,0,0,0,0,0,0,0,0,0
