Number of physical machine types:
3
Resources for each physical machine type:
128,256
64,256
128,128
Available number for each physical machine type:
79
79
79
Activation cost for each physical machine type:
200
150
150
Number of micro-service types:
40
Required number for each micro-service type:
13
4
12
11
6
17
10
3
19
1
20
4
5
17
16
9
2
3
19
16
2
11
10
4
15
14
13
5
11
8
3
3
19
6
8
12
13
8
11
5
Resource requirements for each micro-service type:
13,65
18,67
28,50
24,69
24,49
28,70
26,63
32,59
30,68
25,49
16,44
13,54
33,33
19,50
28,69
17,76
21,68
27,41
31,37
36,61
19,46
31,31
38,41
21,38
16,75
24,54
16,59
25,34
29,70
16,70
34,68
36,51
38,75
20,38
15,42
24,58
25,33
32,51
18,27
30,62
Total invoking flow matrix:
0,120,566,518,722,378,683,112,503,237,395,60,904,959,400,381,173,973,604,668,241,113,888,640,737,788,648,96,452,367,792,759,373,805,765,478,193,69,976,615
0,0,501,83,711,247,114,914,278,13,979,672,565,598,928,296,575,940,191,119,294,564,910,609,375,506,519,836,316,7,1,555,990,710,468,7,989,289,612,555
0,0,0,283,934,829,388,133,232,644,696,82,918,883,611,416,883,951,352,434,982,739,279,977,285,454,368,1,70,67,533,933,191,201,281,469,369,410,273,91
0,0,0,0,682,484,325,743,428,989,422,59,968,563,937,334,880,918,513,436,137,83,678,369,618,645,193,414,987,417,81,404,282,574,58,549,900,804,871,139
0,0,0,0,0,636,824,870,497,7,109,932,100,357,732,893,177,713,469,453,232,53,620,427,572,215,672,564,462,767,948,938,401,538,376,439,319,230,206,229
0,0,0,0,0,0,499,371,351,190,965,89,45,281,681,138,638,412,641,231,423,263,386,132,548,55,330,520,445,722,769,605,84,372,544,375,402,527,744,662
0,0,0,0,0,0,0,689,947,636,241,853,914,370,239,749,983,375,387,494,852,629,104,102,305,200,817,591,60,848,946,151,482,693,767,695,490,313,148,866
0,0,0,0,0,0,0,0,19,805,375,230,378,602,166,676,821,366,794,552,341,358,206,208,432,825,975,366,9,644,49,774,338,347,730,272,887,471,413,918
0,0,0,0,0,0,0,0,0,333,24,542,587,81,80,609,896,318,65,847,459,952,400,308,287,820,933,570,374,784,513,624,388,164,239,493,600,501,392,635
0,0,0,0,0,0,0,0,0,0,894,71,607,474,551,130,294,242,404,950,766,662,790,760,829,444,578,28,422,36,683,707,160,101,355,89,327,446,996,694
0,0,0,0,0,0,0,0,0,0,0,128,408,575,13,862,837,118,565,160,204,120,298,686,882,404,376,428,707,65,495,448,285,447,391,834,471,757,505,360
0,0,0,0,0,0,0,0,0,0,0,0,172,935,884,980,528,799,967,358,523,512,645,705,721,516,984,358,902,302,105,277,380,825,985,698,908,702,627,123
0,0,0,0,0,0,0,0,0,0,0,0,0,362,7,692,601,491,722,257,922,721,174,489,999,497,208,379,579,82,984,287,59,900,632,924,21,128,224,139
0,0,0,0,0,0,0,0,0,0,0,0,0,0,389,552,150,16,720,373,581,353,892,967,178,645,360,507,284,688,589,823,524,295,84,71,64,268,495,131
0,0,0,0,0,0,0,0,0,0,0,0,0,0,0,217,25,699,984,454,799,775,935,190,676,721,753,970,777,374,629,403,586,444,489,45,32,591,449,844
0,0,0,0,0,0,0,0,0,0,0,0,0,0,0,0,378,779,3,862,416,793,321,506,633,60,31,319,974,48,495,822,431,963,654,909,355,465,846,908
0,0,0,0,0,0,0,0,0,0,0,0,0,0,0,0,0,568,68,666,135,201,847,54,636,676,526,394,218,418,975,295,620,4,561,22,558,277,640,476
0,0,0,0,0,0,0,0,0,0,0,0,0,0,0,0,0,0,293,555,23,33,904,856,605,376,76,436,371,93,965,828,437,449,7,412,829,734,112,210
0,0,0,0,0,0,0,0,0,0,0,0,0,0,0,0,0,0,0,153,997,440,305,132,223,585,709,868,747,809,807,269,940,629,576,356,678,635,846,902
0,0,0,0,0,0,0,0,0,0,0,0,0,0,0,0,0,0,0,0,873,783,901,222,397,634,259,178,451,963,430,144,965,501,466,958,469,914,21,616
0,0,0,0,0,0,0,0,0,0,0,0,0,0,0,0,0,0,0,0,0,301,415,850,793,789,52,929,503,287,685,72,374,102,939,401,837,735,547,616
0,0,0,0,0,0,0,0,0,0,0,0,0,0,0,0,0,0,0,0,0,0,149,870,145,188,586,948,985,986,813,167,55,725,662,965,454,657,218,260
0,0,0,0,0,0,0,0,0,0,0,0,0,0,0,0,0,0,0,0,0,0,0,789,52,212,311,581,871,551,148,213,242,90,289,382,523,65,311,32
0,0,0,0,0,0,0,0,0,0,0,0,0,0,0,0,0,0,0,0,0,0,0,0,107,292,252,168,348,843,119,903,957,517,634,62,643,896,303,106
0,0,0,0,0,0,0,0,0,0,0,0,0,0,0,0,0,0,0,0,0,0,0,0,0,597,529,452,876,768,429,729,729,50,558,970,412,64,796,708
0,0,0,0,0,0,0,0,0,0,0,0,0,0,0,0,0,0,0,0,0,0,0,0,0,0,404,787,365,320,244,208,485,480,495,452,652,466,384,986
0,0,0,0,0,0,0,0,0,0,0,0,0,0,0,0,0,0,0,0,0,0,0,0,0,0,0,463,343,17,914,755,408,11,620,233,628,117,683,440
0,0,0,0,0,0,0,0,0,0,0,0,0,0,0,0,0,0,0,0,0,0,0,0,0,0,0,0,425,501,414,686,645,975,825,112,371,775,882,242
0,0,0,0,0,0,0,0,0,0,0,0,0,0,0,0,0,0,0,0,0,0,0,0,0,0,0,0,0,253,181,883,201,52,690,627,223,881,650,859
0,0,0,0,0,0,0,0,0,0,0,0,0,0,0,0,0,0,0,0,0,0,0,0,0,0,0,0,0,0,622,16,576,453,131,631,511,392,466,84
0,0,0,0,0,0,0,0,0,0,0,0,0,0,0,0,0,0,0,0,0,0,0,0,0,0,0,0,0,0,0,160,395,898,214,340,21,622,985,615
0,0,0,0,0,0,0,0,0,0,0,0,0,0,0,0,0,0,0,0,0,0,0,0,0,0,0,0,0,0,0,0,384,944,585,103,165,510,950,441
0,0,0,0,0,0,0,0,0,0,0,0,0,0,0,0,0,0,0,0,0,0,0,0,0,0,0,0,0,0,0,0,0,879,824,254,625,275,257,473
0,0,0,0,0,0,0,0,0,0,0,0,0,0,0,0,0,0,0,0,0,0,0,0,0,0,0,0,0,0,0,0,0,0,507,378,36,530,600,317
0,0,0,0,0,0,0,0,0,0,0,0,0,0,0,0,0,0,0,0,0,0,0,0,0,0,0,0,0,0,0,0,0,0,0,63,519,372,279,295
0,0,0,0,0,0,0,0,0,0,0,0,0,0,0,0,0,0,0,0,0,0,0,0,0,0,0,0,0,0,0,0,0,0,0,0,408,287,336,491
0,0,0,0,0,0,0,0,0,0,0,0,0,0,0,0,0,0,0,0,0,0,0,0,0,0,0,0,0,0,0,0,0,0,0,0,0,607,806,122
0,0,0,0,0,0,0,0,0,0,0,0,0,0,0,0,0,0,0,0,0,0,0,0,0,0,0,0,0,0,0,0,0,0,0,0,0,0,305,253
0,0,0,0,0,0,0,0,0,0,0,0,0,0,0,0,0,0,0,0,0,0,0,0,0,0,0,0,0,0,0,0,0,0,0,0,0,0,0,575
0,0,0,0,0,0,0,0,0,0,0,0,0,0,0,0,0,0,0,0,0,0,0,0,0,0,0,0,0,0,0,0,0,0,0,0,0,0,0,0
