Number of physical machine types:
3
Resources for each physical machine type:
128,256
64,256
128,128
Available number for each physical machine type:
69
69
69
Activation cost for each physical machine type:
200
150
150
Number of micro-service types:
40
Required number for each micro-service type:
5
1
14
13
2
14
15
3
2
14
5
12
12
12
9
18
2
13
15
3
3
7
1
2
6
6
15
11
10
2
3
17
7
11
4
9
15
9
3
12
Resource requirements for each micro-service type:
34,45
28,69
15,72
17,29
24,33
36,56
18,46
17,68
22,42
36,51
38,37
31,61
36,75
33,49
30,36
17,27
21,28
32,28
37,29
17,73
18,55
30,47
29,33
24,42
28,38
13,43
38,44
17,76
13,64
23,70
17,39
33,43
19,67
32,34
16,50
21,50
17,70
28,76
25,31
23,35
Total invoking flow matrix:
0,955,416,894,761,206,394,70,935,104,600,975,419,980,364,832,796,593,543,925,226,726,581,794,469,102,542,835,107,270,896,585,975,899,434,846,187,752,171,843
0,0,509,29,739,997,907,504,950,176,48,917,409,938,912,403,134,462,221,89,861,625,470,37,573,978,373,910,430,527,389,629,78,688,381,182,999,851,416,524
0,0,0,330,830,525,115,16,274,44,255,998,711,223,71,197,574,995,956,90,684,381,105,57,182,618,540,328,636,469,333,381,491,512,708,796,27,49,905,584
0,0,0,0,537,479,113,629,342,432,370,530,239,709,228,908,796,478,371,686,887,454,31,448,629,401,597,293,468,277,711,250,244,221,660,441,799,3,355,831
0,0,0,0,0,379,184,137,240,813,893,319,856,529,701,64,337,352,457,661,251,636,883,923,592,986,478,839,33,987,148,342,646,580,993,378,813,25,421,183
0,0,0,0,0,0,373,314,729,142,475,24,466,649,1000,654,212,110,119,414,848,574,265,529,286,226,381,983,82,44,90,78,792,26,403,149,378,806,748,619
0,0,0,0,0,0,0,351,17,827,461,430,716,50,299,695,371,354,821,952,786,248,180,424,29,790,609,77,7,950,128,814,473,975,772,5,402,884,877,728
0,0,0,0,0,0,0,0,303,945,124,803,387,172,517,439,139,256,289,806,801,303,979,553,845,39,33,250,677,688,74,519,551,897,187,774,495,399,247,591
0,0,0,0,0,0,0,0,0,379,415,392,433,583,896,937,567,35,186,200,65,863,421,526,292,548,859,35,884,611,362,57,38,243,491,547,149,694,499,174
0,0,0,0,0,0,0,0,0,0,94,322,724,629,208,454,290,102,389,673,286,239,876,228,61,621,456,537,218,816,441,626,426,636,309,612,718,265,432,105
0,0,0,0,0,0,0,0,0,0,0,324,508,90,220,676,572,548,390,902,267,976,189,728,635,542,798,71,654,607,641,36,346,66,187,284,660,690,451,477
0,0,0,0,0,0,0,0,0,0,0,0,936,583,253,609,888,261,32,786,580,632,310,652,451,727,623,917,411,75,260,108,927,190,141,576,653,322,289,957
0,0,0,0,0,0,0,0,0,0,0,0,0,269,411,154,848,424,19,330,987,642,569,142,175,36,435,95,860,239,367,370,899,58,828,197,871,924,756,520
0,0,0,0,0,0,0,0,0,0,0,0,0,0,633,312,502,623,899,948,58,89,630,927,606,724,987,836,613,939,138,514,783,878,731,412,496,173,170,777
0,0,0,0,0,0,0,0,0,0,0,0,0,0,0,123,274,637,761,660,870,582,730,434,892,957,220,590,86,481,357,664,54,747,228,166,989,138,386,126
0,0,0,0,0,0,0,0,0,0,0,0,0,0,0,0,352,600,484,882,171,425,674,386,859,524,38,804,677,595,612,348,351,261,997,27,5,810,838,465
0,0,0,0,0,0,0,0,0,0,0,0,0,0,0,0,0,275,893,298,908,851,907,100,630,173,586,633,903,735,252,479,3,258,306,572,415,850,210,283
0,0,0,0,0,0,0,0,0,0,0,0,0,0,0,0,0,0,26,29,790,608,219,159,900,497,832,456,957,126,961,608,253,186,253,875,733,536,666,291
0,0,0,0,0,0,0,0,0,0,0,0,0,0,0,0,0,0,0,60,347,89,115,442,106,80,409,303,611,565,388,782,141,809,321,34,224,521,252,934
0,0,0,0,0,0,0,0,0,0,0,0,0,0,0,0,0,0,0,0,269,739,428,448,761,731,80,468,394,59,231,906,485,5,523,775,157,123,408,208
0,0,0,0,0,0,0,0,0,0,0,0,0,0,0,0,0,0,0,0,0,406,786,673,595,738,728,801,311,957,247,294,533,577,560,4,32,128,825,44
0,0,0,0,0,0,0,0,0,0,0,0,0,0,0,0,0,0,0,0,0,0,652,288,34,234,86,567,989,543,488,228,887,690,706,699,540,615,964,223
0,0,0,0,0,0,0,0,0,0,0,0,0,0,0,0,0,0,0,0,0,0,0,317,922,432,953,730,379,280,401,21,64,568,90,521,458,286,119,225
0,0,0,0,0,0,0,0,0,0,0,0,0,0,0,0,0,0,0,0,0,0,0,0,244,274,943,694,662,839,688,809,243,442,839,109,885,540,234,384
0,0,0,0,0,0,0,0,0,0,0,0,0,0,0,0,0,0,0,0,0,0,0,0,0,544,312,380,176,680,785,642,296,665,500,474,729,3,61,232
0,0,0,0,0,0,0,0,0,0,0,0,0,0,0,0,0,0,0,0,0,0,0,0,0,0,170,44,362,243,297,89,955,823,73,569,450,419,993,920
0,0,0,0,0,0,0,0,0,0,0,0,0,0,0,0,0,0,0,0,0,0,0,0,0,0,0,979,626,837,56,352,442,353,934,707,377,873,217,681
0,0,0,0,0,0,0,0,0,0,0,0,0,0,0,0,0,0,0,0,0,0,0,0,0,0,0,0,618,335,72,997,863,587,238,648,535,544,215,981
0,0,0,0,0,0,0,0,0,0,0,0,0,0,0,0,0,0,0,0,0,0,0,0,0,0,0,0,0,806,308,316,228,722,720,129,440,324,696,472
0,0,0,0,0,0,0,0,0,0,0,0,0,0,0,0,0,0,0,0,0,0,0,0,0,0,0,0,0,0,420,880,491,669,360,71,67,740,603,396
0,0,0,0,0,0,0,0,0,0,0,0,0,0,0,0,0,0,0,0,0,0,0,0,0,0,0,0,0,0,0,8,514,957,194,953,446,617,500,68
0,0,0,0,0,0,0,0,0,0,0,0,0,0,0,0,0,0,0,0,0,0,0,0,0,0,0,0,0,0,0,0,24,315,589,348,119,75,626,517
0,0,0,0,0,0,0,0,0,0,0,0,0,0,0,0,0,0,0,0,0,0,0,0,0,0,0,0,0,0,0,0,0,487,799,421,761,531,551,702
0,0,0,0,0,0,0,0,0,0,0,0,0,0,0,0,0,0,0,0,0,0,0,0,0,0,0,0,0,0,0,0,0,0,813,670,838,434,556,998
0,0,0,0,0,0,0,0,0,0,0,0,0,0,0,0,0,0,0,0,0,0,0,0,0,0,0,0,0,0,0,0,0,0,0,708,841,484,716,407
0,0,0,0,0,0,0,0,0,0,0,0,0,0,0,0,0,0,0,0,0,0,0,0,0,0,0,0,0,0,0,0,0,0,0,0,553,746,883,980
0,0,0,0,0,0,0,0,0,0,0,0,0,0,0,0,0,0,0,0,0,0,0,0,0,0,0,0,0,0,0,0,0,0,0,0,0,383,326,639
0,0,0,0,0,0,0,0,0,0,0,0,0,0,0,0,0,0,0,0,0,0,0,0,0,0,0,0,0,0,0,0,0,0,0,0,0,0,739,561
0,0,0,0,0,0,0,0,0,0,0,0,0,0,0,0,0,0,0,0,0,0,0,0,0,0,0,0,0,0,0,0,0,0,0,0,0,0,0,233
0,0,0,0,0,0,0,0,0,0,0,0,0,0,0,0,0,0,0,0,0,0,0,0,0,0,0,0,0,0,0,0,0,0,0,0,0,0,0,0
