Number of physical machine types:
3
Resources for each physical machine type:
128,256
64,256
128,128
Available number for each physical machine type:
63
63
63
Activation cost for each physical machine type:
200
150
150
Number of micro-service types:
40
Required number for each micro-service type:
14
4
1
8
6
14
7
2
10
9
14
1
5
3
18
8
8
10
4
15
3
7
2
13
14
10
11
3
5
13
4
6
7
2
2
16
10
1
5
12
Resource requirements for each micro-service type:
15,35
16,57
19,69
20,28
21,37
26,44
28,50
30,68
28,44
28,27
23,40
29,75
31,58
36,69
33,72
23,76
15,45
38,29
17,31
21,57
21,54
21,56
36,68
21,49
34,68
27,26
21,36
31,56
27,68
20,47
24,53
30,38
14,38
16,63
21,28
31,64
36,51
20,65
24,45
28,54
Total invoking flow matrix:
0,579,331,859,244,286,875,729,562,333,148,74,964,930,243,621,216,208,367,196,929,408,845,510,87,981,19,42,691,725,827,5,654,959,821,481,896,47,623,990
0,0,231,130,813,864,48,119,349,433,354,892,197,101,415,882,899,637,742,236,838,193,152,876,645,140,880,176,421,11,889,599,466,428,290,625,326,662,866,439
0,0,0,771,522,411,491,159,707,815,79,462,620,45,568,633,374,215,267,355,177,527,953,261,619,65,255,884,395,396,792,205,693,588,157,226,72,452,985,37
0,0,0,0,942,85,387,911,556,95,344,214,975,744,610,124,913,483,613,791,171,382,478,61,833,852,685,354,557,554,668,486,345,161,983,822,16,512,1,459
0,0,0,0,0,141,148,164,0,826,53,175,910,302,447,879,362,759,878,50,250,341,770,575,154,397,755,987,213,437,785,226,218,275,179,136,108,202,80,127
0,0,0,0,0,0,408,151,773,643,46,468,101,791,801,8,632,811,269,56,45,607,485,644,192,373,187,780,425,998,173,520,244,720,276,283,454,371,611,939
0,0,0,0,0,0,0,333,753,261,23,45,517,726,211,484,635,368,818,56,266,776,650,8,783,334,932,246,59,686,762,750,778,936,33,39,26,264,10,627
0,0,0,0,0,0,0,0,666,293,332,571,700,19,853,831,975,616,884,317,763,183,247,198,943,91,612,636,498,941,530,444,370,633,552,183,419,28,278,304
0,0,0,0,0,0,0,0,0,434,296,11,941,438,981,205,332,104,279,449,881,625,768,496,719,584,835,541,900,376,598,917,485,70,231,998,740,409,168,778
0,0,0,0,0,0,0,0,0,0,723,103,566,545,740,258,381,404,4,873,39,778,372,864,669,904,529,838,988,418,587,132,665,74,430,760,756,523,266,329
0,0,0,0,0,0,0,0,0,0,0,451,869,981,565,492,275,629,960,123,767,475,153,428,461,955,185,84,359,360,736,390,342,902,731,699,576,487,262,944
0,0,0,0,0,0,0,0,0,0,0,0,691,268,218,315,265,5,741,164,617,692,125,238,892,505,15,522,424,188,73,220,900,336,478,309,988,224,169,75
0,0,0,0,0,0,0,0,0,0,0,0,0,655,980,366,96,147,822,241,431,361,702,991,942,734,489,958,924,628,480,208,382,868,742,817,572,726,680,79
0,0,0,0,0,0,0,0,0,0,0,0,0,0,21,271,867,246,420,384,538,38,433,365,184,776,252,477,241,357,42,328,550,588,249,19,290,979,3,322
0,0,0,0,0,0,0,0,0,0,0,0,0,0,0,936,985,124,84,415,411,686,646,287,108,992,117,389,780,678,719,869,21,513,542,371,85,347,531,679
0,0,0,0,0,0,0,0,0,0,0,0,0,0,0,0,432,649,591,181,292,124,128,893,630,847,201,704,701,967,297,564,465,580,428,808,968,230,819,517
0,0,0,0,0,0,0,0,0,0,0,0,0,0,0,0,0,3,529,866,581,156,940,1,122,362,214,204,720,385,244,268,972,791,26,674,144,110,20,767
0,0,0,0,0,0,0,0,0,0,0,0,0,0,0,0,0,0,511,55,350,355,87,980,775,456,766,226,187,163,21,838,609,102,186,894,801,229,72,860
0,0,0,0,0,0,0,0,0,0,0,0,0,0,0,0,0,0,0,828,895,382,579,475,874,668,422,363,604,305,309,229,155,736,654,5,953,544,693,252
0,0,0,0,0,0,0,0,0,0,0,0,0,0,0,0,0,0,0,0,790,90,811,91,372,899,744,404,318,685,694,550,445,477,980,859,817,679,175,957
0,0,0,0,0,0,0,0,0,0,0,0,0,0,0,0,0,0,0,0,0,492,608,613,812,833,220,163,619,368,368,36,611,936,728,422,616,417,505,501
0,0,0,0,0,0,0,0,0,0,0,0,0,0,0,0,0,0,0,0,0,0,883,257,376,181,557,558,289,46,243,195,772,319,415,924,802,854,551,330
0,0,0,0,0,0,0,0,0,0,0,0,0,0,0,0,0,0,0,0,0,0,0,342,930,248,838,382,522,348,727,790,354,496,27,90,125,787,687,839
0,0,0,0,0,0,0,0,0,0,0,0,0,0,0,0,0,0,0,0,0,0,0,0,684,425,939,923,430,698,24,863,239,876,945,947,962,40,211,889
0,0,0,0,0,0,0,0,0,0,0,0,0,0,0,0,0,0,0,0,0,0,0,0,0,673,46,841,83,632,756,617,486,198,174,858,59,500,594,638
0,0,0,0,0,0,0,0,0,0,0,0,0,0,0,0,0,0,0,0,0,0,0,0,0,0,961,712,424,410,926,577,977,919,971,483,156,879,944,870
0,0,0,0,0,0,0,0,0,0,0,0,0,0,0,0,0,0,0,0,0,0,0,0,0,0,0,314,579,197,423,596,331,848,835,980,317,896,927,816
0,0,0,0,0,0,0,0,0,0,0,0,0,0,0,0,0,0,0,0,0,0,0,0,0,0,0,0,508,485,374,225,985,555,945,35,288,804,531,577
0,0,0,0,0,0,0,0,0,0,0,0,0,0,0,0,0,0,0,0,0,0,0,0,0,0,0,0,0,374,463,644,986,853,800,279,13,103,178,778
0,0,0,0,0,0,0,0,0,0,0,0,0,0,0,0,0,0,0,0,0,0,0,0,0,0,0,0,0,0,635,857,877,395,406,770,834,719,708,764
0,0,0,0,0,0,0,0,0,0,0,0,0,0,0,0,0,0,0,0,0,0,0,0,0,0,0,0,0,0,0,537,316,857,97,186,682,730,981,189
0,0,0,0,0,0,0,0,0,0,0,0,0,0,0,0,0,0,0,0,0,0,0,0,0,0,0,0,0,0,0,0,755,907,87,221,90,333,191,679
0,0,0,0,0,0,0,0,0,0,0,0,0,0,0,0,0,0,0,0,0,0,0,0,0,0,0,0,0,0,0,0,0,357,329,208,167,143,111,39
0,0,0,0,0,0,0,0,0,0,0,0,0,0,0,0,0,0,0,0,0,0,0,0,0,0,0,0,0,0,0,0,0,0,382,96,153,386,958,36
0,0,0,0,0,0,0,0,0,0,0,0,0,0,0,0,0,0,0,0,0,0,0,0,0,0,0,0,0,0,0,0,0,0,0,321,272,47,15,450
0,0,0,0,0,0,0,0,0,0,0,0,0,0,0,0,0,0,0,0,0,0,0,0,0,0,0,0,0,0,0,0,0,0,0,0,320,716,561,411
0,0,0,0,0,0,0,0,0,0,0,0,0,0,0,0,0,0,0,0,0,0,0,0,0,0,0,0,0,0,0,0,0,0,0,0,0,267,864,181
0,0,0,0,0,0,0,0,0,0,0,0,0,0,0,0,0,0,0,0,0,0,0,0,0,0,0,0,0,0,0,0,0,0,0,0,0,0,769,418
0,0,0,0,0,0,0,0,0,0,0,0,0,0,0,0,0,0,0,0,0,0,0,0,0,0,0,0,0,0,0,0,0,0,0,0,0,0,0,614
0,0,0,0,0,0,0,0,0,0,0,0,0,0,0,0,0,0,0,0,0,0,0,0,0,0,0,0,0,0,0,0,0,0,0,0,0,0,0,0
