Number of physical machine types:
3
Resources for each physical machine type:
128,256
64,256
128,128
Available number for each physical machine type:
87
87
87
Activation cost for each physical machine type:
200
150
150
Number of micro-service types:
40
Required number for each micro-service type:
10
5
20
11
14
8
14
6
13
7
20
2
1
7
19
9
15
10
6
6
11
18
12
11
16
9
2
9
13
18
1
19
9
17
17
3
10
2
19
11
Resource requirements for each micro-service type:
24,59
32,32
36,28
30,51
30,63
30,30
15,64
13,54
37,57
37,67
17,53
22,39
29,66
14,74
23,34
21,42
20,62
14,51
25,48
27,76
22,52
32,39
33,43
27,65
21,75
34,27
38,26
17,28
24,36
16,31
26,53
24,40
16,63
16,60
14,35
36,71
31,49
15,65
32,29
33,49
Total invoking flow matrix:
0,807,230,278,929,908,515,335,786,208,968,942,542,898,951,242,549,398,276,944,824,492,744,492,849,144,308,758,640,75,392,904,74,487,351,911,622,937,388,741
0,0,271,563,64,300,635,181,153,142,666,97,759,807,803,106,246,374,962,468,976,318,598,341,679,918,984,138,103,667,27,105,618,279,313,803,63,780,271,399
0,0,0,541,385,548,78,827,502,944,701,779,997,84,966,579,27,554,576,945,457,518,164,676,238,513,670,88,694,70,183,968,534,470,369,848,6,303,606,109
0,0,0,0,642,684,665,738,817,190,96,680,390,656,828,364,40,464,711,474,950,215,215,380,253,49,437,543,124,47,101,886,480,609,74,947,632,980,446,724
0,0,0,0,0,784,202,573,949,244,793,89,18,415,558,922,383,171,565,836,218,612,551,589,870,596,25,845,389,774,380,603,333,183,804,741,124,837,534,679
0,0,0,0,0,0,284,417,480,226,378,966,340,983,987,930,311,684,121,907,484,647,825,472,128,893,819,915,511,429,270,121,245,841,489,476,920,698,181,214
0,0,0,0,0,0,0,586,483,429,998,86,498,95,399,288,975,477,780,842,1000,805,877,25,854,809,609,457,967,520,162,352,493,74,475,154,839,476,542,806
0,0,0,0,0,0,0,0,679,516,225,376,699,155,714,180,174,527,350,36,804,291,856,379,879,940,941,52,456,935,151,519,163,989,66,610,953,706,155,119
0,0,0,0,0,0,0,0,0,704,787,854,761,83,75,10,10,992,920,534,995,353,497,744,729,787,924,126,123,749,645,636,928,218,496,628,83,258,821,379
0,0,0,0,0,0,0,0,0,0,70,252,971,613,970,656,518,862,744,222,204,543,841,280,62,429,11,763,475,967,176,52,708,746,819,340,789,186,274,720
0,0,0,0,0,0,0,0,0,0,0,706,945,55,589,547,623,856,665,168,636,227,98,490,859,236,455,153,61,469,638,532,136,955,712,239,191,526,629,912
0,0,0,0,0,0,0,0,0,0,0,0,727,705,465,667,337,509,707,785,881,202,693,315,42,597,890,649,514,195,198,924,609,582,818,681,89,446,599,846
0,0,0,0,0,0,0,0,0,0,0,0,0,280,494,310,774,878,131,393,576,791,75,695,586,1,958,650,437,414,314,254,537,643,282,290,56,686,472,291
0,0,0,0,0,0,0,0,0,0,0,0,0,0,316,573,277,176,390,49,913,525,970,85,92,823,680,706,758,910,583,850,692,174,988,901,775,971,205,4
0,0,0,0,0,0,0,0,0,0,0,0,0,0,0,71,45,273,426,4,614,746,222,311,698,932,119,59,605,90,526,851,830,413,108,593,664,110,72,591
0,0,0,0,0,0,0,0,0,0,0,0,0,0,0,0,691,761,178,705,580,893,107,663,246,335,765,105,438,536,239,336,665,138,710,623,651,614,173,835
0,0,0,0,0,0,0,0,0,0,0,0,0,0,0,0,0,178,269,537,470,853,552,263,369,473,157,908,390,726,427,203,826,983,699,291,722,453,110,384
0,0,0,0,0,0,0,0,0,0,0,0,0,0,0,0,0,0,746,110,249,338,77,349,160,286,976,989,714,123,197,643,588,66,537,972,437,250,864,298
0,0,0,0,0,0,0,0,0,0,0,0,0,0,0,0,0,0,0,523,760,338,297,753,614,333,691,149,191,283,420,665,506,388,254,429,682,306,182,343
0,0,0,0,0,0,0,0,0,0,0,0,0,0,0,0,0,0,0,0,353,277,127,667,333,5,843,605,806,174,531,871,466,194,227,836,803,308,822,19
0,0,0,0,0,0,0,0,0,0,0,0,0,0,0,0,0,0,0,0,0,457,790,599,822,342,928,83,663,706,587,405,890,86,618,832,363,227,224,746
0,0,0,0,0,0,0,0,0,0,0,0,0,0,0,0,0,0,0,0,0,0,579,336,840,40,983,797,45,166,135,61,604,415,410,109,592,931,321,857
0,0,0,0,0,0,0,0,0,0,0,0,0,0,0,0,0,0,0,0,0,0,0,91,590,391,832,942,296,226,742,16,506,104,288,650,659,131,640,469
0,0,0,0,0,0,0,0,0,0,0,0,0,0,0,0,0,0,0,0,0,0,0,0,194,444,214,481,264,962,795,344,126,469,128,459,928,55,18,16
0,0,0,0,0,0,0,0,0,0,0,0,0,0,0,0,0,0,0,0,0,0,0,0,0,707,577,994,189,87,17,558,198,411,735,724,722,235,466,88
0,0,0,0,0,0,0,0,0,0,0,0,0,0,0,0,0,0,0,0,0,0,0,0,0,0,319,240,984,213,355,315,509,738,314,721,6,686,867,565
0,0,0,0,0,0,0,0,0,0,0,0,0,0,0,0,0,0,0,0,0,0,0,0,0,0,0,195,110,74,534,952,461,299,79,841,479,34,678,257
0,0,0,0,0,0,0,0,0,0,0,0,0,0,0,0,0,0,0,0,0,0,0,0,0,0,0,0,460,573,940,365,130,366,68,59,358,646,526,925
0,0,0,0,0,0,0,0,0,0,0,0,0,0,0,0,0,0,0,0,0,0,0,0,0,0,0,0,0,267,451,744,256,565,170,901,894,83,406,842
0,0,0,0,0,0,0,0,0,0,0,0,0,0,0,0,0,0,0,0,0,0,0,0,0,0,0,0,0,0,425,817,305,730,451,815,481,92,83,79
0,0,0,0,0,0,0,0,0,0,0,0,0,0,0,0,0,0,0,0,0,0,0,0,0,0,0,0,0,0,0,841,276,302,104,949,861,129,47,29
0,0,0,0,0,0,0,0,0,0,0,0,0,0,0,0,0,0,0,0,0,0,0,0,0,0,0,0,0,0,0,0,794,816,318,284,363,936,871,507
0,0,0,0,0,0,0,0,0,0,0,0,0,0,0,0,0,0,0,0,0,0,0,0,0,0,0,0,0,0,0,0,0,705,131,828,473,429,687,333
0,0,0,0,0,0,0,0,0,0,0,0,0,0,0,0,0,0,0,0,0,0,0,0,0,0,0,0,0,0,0,0,0,0,554,640,200,95,257,893
0,0,0,0,0,0,0,0,0,0,0,0,0,0,0,0,0,0,0,0,0,0,0,0,0,0,0,0,0,0,0,0,0,0,0,37,134,381,358,486
0,0,0,0,0,0,0,0,0,0,0,0,0,0,0,0,0,0,0,0,0,0,0,0,0,0,0,0,0,0,0,0,0,0,0,0,649,350,751,100
0,0,0,0,0,0,0,0,0,0,0,0,0,0,0,0,0,0,0,0,0,0,0,0,0,0,0,0,0,0,0,0,0,0,0,0,0,921,376,119
0,0,0,0,0,0,0,0,0,0,0,0,0,0,0,0,0,0,0,0,0,0,0,0,0,0,0,0,0,0,0,0,0,0,0,0,0,0,570,559
0,0,0,0,0,0,0,0,0,0,0,0,0,0,0,0,0,0,0,0,0,0,0,0,0,0,0,0,0,0,0,0,0,0,0,0,0,0,0,435
0,0,0,0,0,0,0,0,0,0,0,0,0,0,0,0,0,0,0,0,0,0,0,0,0,0,0,0,0,0,0,0,0,0,0,0,0,0,0,0
