Number of physical machine types:
3
Resources for each physical machine type:
128,256
64,256
128,128
Available number for each physical machine type:
89
89
89
Activation cost for each physical machine type:
200
150
150
Number of micro-service types:
40
Required number for each micro-service type:
19
1
13
11
20
10
10
16
4
7
11
14
6
5
3
6
6
8
15
17
10
16
16
17
7
4
14
9
7
14
15
11
16
17
2
7
14
5
19
16
Resource requirements for each micro-service type:
18,26
32,43
38,71
26,67
17,44
34,58
28,75
20,66
29,76
28,69
24,38
35,45
14,67
16,52
32,42
18,31
35,42
18,32
33,31
34,49
30,47
14,53
26,34
31,54
15,53
24,52
33,40
18,71
16,73
17,72
38,70
23,36
20,76
36,73
36,48
26,60
20,30
28,49
16,49
31,38
Total invoking flow matrix:
0,496,341,456,680,608,785,978,218,726,622,889,642,528,919,688,619,711,313,379,515,109,823,465,962,179,937,886,292,84,814,245,325,640,422,97,915,566,501,656
0,0,280,205,311,111,145,882,792,354,729,128,241,261,805,421,902,429,715,105,815,53,407,823,198,952,390,899,46,359,581,954,383,114,399,220,425,730,906,551
0,0,0,984,509,322,152,40,488,142,77,844,968,125,910,112,242,793,458,848,501,25,951,438,186,329,122,728,408,916,45,796,925,862,187,187,270,269,986,530
0,0,0,0,735,908,388,257,313,929,826,947,204,216,320,864,641,149,467,815,60,0,656,958,216,889,117,652,818,274,364,802,141,853,718,308,867,215,194,800
0,0,0,0,0,563,400,783,204,676,245,90,496,459,737,683,665,821,693,231,691,337,27,489,751,585,401,996,667,753,271,256,977,582,33,338,687,510,440,653
0,0,0,0,0,0,194,184,981,982,894,892,989,22,478,344,242,307,183,866,634,422,616,91,906,15,7,34,492,411,277,160,457,158,200,567,447,106,715,94
0,0,0,0,0,0,0,53,351,86,312,59,551,245,243,315,779,788,464,106,553,723,536,533,290,545,60,226,413,401,501,334,395,446,529,402,702,631,651,620
0,0,0,0,0,0,0,0,520,413,310,808,567,346,771,665,89,852,236,308,54,793,910,788,0,308,56,541,590,325,927,361,76,110,990,56,878,626,473,496
0,0,0,0,0,0,0,0,0,90,770,748,713,404,788,701,219,32,205,631,384,69,524,839,346,74,746,210,644,608,683,700,987,261,844,638,684,384,652,61
0,0,0,0,0,0,0,0,0,0,530,399,54,744,353,671,626,456,740,996,196,819,532,887,752,709,703,323,658,445,361,347,893,384,865,834,613,994,225,243
0,0,0,0,0,0,0,0,0,0,0,76,134,415,619,515,717,921,701,787,442,570,575,35,740,538,858,124,479,129,713,109,336,42,801,148,574,74,196,661
0,0,0,0,0,0,0,0,0,0,0,0,71,560,838,158,169,368,117,24,862,150,338,593,27,425,794,387,944,222,210,880,465,992,62,780,413,126,394,807
0,0,0,0,0,0,0,0,0,0,0,0,0,627,491,341,297,389,113,402,142,0,438,459,832,562,399,761,222,970,625,328,492,998,849,666,142,809,732,430
0,0,0,0,0,0,0,0,0,0,0,0,0,0,744,660,58,526,752,188,630,913,942,449,667,59,899,762,937,631,47,322,516,254,225,692,51,554,945,354
0,0,0,0,0,0,0,0,0,0,0,0,0,0,0,710,788,850,90,266,609,920,743,255,322,419,699,645,399,296,79,519,73,426,894,696,891,866,333,155
0,0,0,0,0,0,0,0,0,0,0,0,0,0,0,0,461,710,617,99,849,989,888,188,529,964,468,503,186,587,678,563,975,952,600,672,520,811,607,80
0,0,0,0,0,0,0,0,0,0,0,0,0,0,0,0,0,833,496,637,99,231,82,258,270,949,264,539,266,367,619,262,740,779,395,744,265,592,933,735
0,0,0,0,0,0,0,0,0,0,0,0,0,0,0,0,0,0,604,2,790,990,771,897,755,795,395,67,925,854,263,735,18,31,447,10,625,540,686,771
0,0,0,0,0,0,0,0,0,0,0,0,0,0,0,0,0,0,0,261,496,396,695,220,742,999,676,16,720,841,185,973,643,316,787,426,651,45,888,719
0,0,0,0,0,0,0,0,0,0,0,0,0,0,0,0,0,0,0,0,129,618,789,12,151,375,946,335,715,175,743,872,584,422,778,929,109,499,289,262
0,0,0,0,0,0,0,0,0,0,0,0,0,0,0,0,0,0,0,0,0,599,671,493,745,708,140,366,733,992,937,458,324,559,402,379,148,936,65,699
0,0,0,0,0,0,0,0,0,0,0,0,0,0,0,0,0,0,0,0,0,0,628,325,317,908,280,106,592,932,963,296,369,844,460,54,440,758,842,201
0,0,0,0,0,0,0,0,0,0,0,0,0,0,0,0,0,0,0,0,0,0,0,572,79,332,974,557,256,725,469,389,654,512,732,401,950,15,247,154
0,0,0,0,0,0,0,0,0,0,0,0,0,0,0,0,0,0,0,0,0,0,0,0,96,100,567,79,386,491,471,911,717,498,515,997,134,459,291,501
0,0,0,0,0,0,0,0,0,0,0,0,0,0,0,0,0,0,0,0,0,0,0,0,0,10,74,346,306,385,644,67,337,496,873,208,193,729,142,952
0,0,0,0,0,0,0,0,0,0,0,0,0,0,0,0,0,0,0,0,0,0,0,0,0,0,269,9,736,260,729,10,824,604,821,1,937,859,101,524
0,0,0,0,0,0,0,0,0,0,0,0,0,0,0,0,0,0,0,0,0,0,0,0,0,0,0,674,301,320,991,1000,834,332,509,96,163,90,642,147
0,0,0,0,0,0,0,0,0,0,0,0,0,0,0,0,0,0,0,0,0,0,0,0,0,0,0,0,883,341,976,408,683,619,666,965,629,403,349,478
0,0,0,0,0,0,0,0,0,0,0,0,0,0,0,0,0,0,0,0,0,0,0,0,0,0,0,0,0,365,585,827,79,737,728,382,436,130,952,311
0,0,0,0,0,0,0,0,0,0,0,0,0,0,0,0,0,0,0,0,0,0,0,0,0,0,0,0,0,0,158,813,812,89,90,348,195,720,211,692
0,0,0,0,0,0,0,0,0,0,0,0,0,0,0,0,0,0,0,0,0,0,0,0,0,0,0,0,0,0,0,562,23,94,418,957,20,834,39,579
0,0,0,0,0,0,0,0,0,0,0,0,0,0,0,0,0,0,0,0,0,0,0,0,0,0,0,0,0,0,0,0,736,925,586,263,740,580,266,927
0,0,0,0,0,0,0,0,0,0,0,0,0,0,0,0,0,0,0,0,0,0,0,0,0,0,0,0,0,0,0,0,0,829,509,745,618,490,470,278
0,0,0,0,0,0,0,0,0,0,0,0,0,0,0,0,0,0,0,0,0,0,0,0,0,0,0,0,0,0,0,0,0,0,593,929,355,767,224,911
0,0,0,0,0,0,0,0,0,0,0,0,0,0,0,0,0,0,0,0,0,0,0,0,0,0,0,0,0,0,0,0,0,0,0,934,551,446,43,837
0,0,0,0,0,0,0,0,0,0,0,0,0,0,0,0,0,0,0,0,0,0,0,0,0,0,0,0,0,0,0,0,0,0,0,0,854,13,155,736
0,0,0,0,0,0,0,0,0,0,0,0,0,0,0,0,0,0,0,0,0,0,0,0,0,0,0,0,0,0,0,0,0,0,0,0,0,144,159,374
0,0,0,0,0,0,0,0,0,0,0,0,0,0,0,0,0,0,0,0,0,0,0,0,0,0,0,0,0,0,0,0,0,0,0,0,0,0,295,957
0,0,0,0,0,0,0,0,0,0,0,0,0,0,0,0,0,0,0,0,0,0,0,0,0,0,0,0,0,0,0,0,0,0,0,0,0,0,0,440
0,0,0,0,0,0,0,0,0,0,0,0,0,0,0,0,0,0,0,0,0,0,0,0,0,0,0,0,0,0,0,0,0,0,0,0,0,0,0,0
