Number of physical machine types:
3
Resources for each physical machine type:
128,256
64,256
128,128
Available number for each physical machine type:
93
93
93
Activation cost for each physical machine type:
200
150
150
Number of micro-service types:
40
Required number for each micro-service type:
19
19
16
5
7
1
20
9
11
15
16
18
19
17
20
8
20
12
5
12
3
9
4
13
2
2
1
15
2
12
3
7
11
9
19
17
8
15
18
17
Resource requirements for each micro-service type:
25,52
21,30
18,72
25,72
27,34
27,68
15,27
38,57
16,33
16,62
15,45
15,48
27,31
27,26
19,51
31,71
13,68
29,42
17,38
33,70
36,61
18,64
16,30
34,76
22,36
13,57
19,35
30,76
29,32
37,26
31,69
33,65
30,71
38,69
23,36
26,42
15,69
27,69
24,54
22,26
Total invoking flow matrix:
0,95,606,475,370,789,229,509,721,132,260,96,312,792,738,685,190,35,521,687,445,225,747,666,699,485,231,472,683,113,604,721,669,808,41,618,419,734,545,890
0,0,921,390,397,181,971,134,36,981,240,901,921,905,801,898,151,553,946,70,981,881,548,52,660,710,961,388,127,177,389,279,705,659,776,174,256,228,978,212
0,0,0,367,471,175,95,371,316,556,56,644,541,625,78,1,813,324,206,978,910,155,902,150,406,893,728,422,31,889,699,965,348,366,103,96,74,584,395,726
0,0,0,0,426,99,538,191,556,819,362,821,968,764,313,412,745,797,429,132,562,617,948,315,141,51,476,54,284,7,489,500,137,217,461,105,715,106,32,585
0,0,0,0,0,127,560,353,640,484,170,38,770,818,637,86,146,253,348,556,19,970,928,947,686,218,257,178,19,610,84,438,599,259,690,236,676,876,369,756
0,0,0,0,0,0,907,902,447,913,933,912,712,378,764,508,808,629,708,829,642,465,401,217,951,978,623,369,883,54,882,629,108,798,791,36,962,946,738,921
0,0,0,0,0,0,0,419,662,230,323,732,277,38,901,518,490,370,344,500,821,698,536,543,382,784,694,109,12,225,749,876,441,869,817,467,119,369,355,324
0,0,0,0,0,0,0,0,351,356,53,840,81,36,374,34,666,763,467,587,217,628,785,820,496,896,537,957,53,681,22,28,849,802,338,676,871,67,623,853
0,0,0,0,0,0,0,0,0,739,919,591,607,969,378,359,237,530,463,533,339,786,366,720,677,421,177,893,2,584,833,69,329,166,402,352,304,992,837,510
0,0,0,0,0,0,0,0,0,0,203,988,392,372,931,3,346,346,664,771,642,188,764,484,268,418,587,578,978,126,965,17,557,575,644,606,198,91,145,536
0,0,0,0,0,0,0,0,0,0,0,694,320,369,966,616,445,397,395,227,326,74,495,578,451,416,836,225,462,363,924,361,292,718,44,605,289,730,178,904
0,0,0,0,0,0,0,0,0,0,0,0,228,365,213,148,515,579,489,811,447,789,416,509,465,117,541,541,720,411,378,613,857,531,486,149,391,703,532,216
0,0,0,0,0,0,0,0,0,0,0,0,0,472,560,848,646,12,139,584,552,101,432,354,625,723,624,547,209,123,500,349,392,984,118,365,995,740,758,734
0,0,0,0,0,0,0,0,0,0,0,0,0,0,771,932,305,808,248,554,238,667,873,523,377,919,174,10,128,466,455,793,744,272,88,132,932,8,718,720
0,0,0,0,0,0,0,0,0,0,0,0,0,0,0,906,972,138,143,322,808,596,425,127,336,438,419,96,533,142,807,15,851,207,971,487,853,383,148,627
0,0,0,0,0,0,0,0,0,0,0,0,0,0,0,0,118,14,206,771,584,61,396,49,514,44,879,742,300,18,140,43,11,999,940,541,461,940,106,54
0,0,0,0,0,0,0,0,0,0,0,0,0,0,0,0,0,551,482,206,65,175,794,711,862,481,729,872,924,452,497,188,64,47,229,367,698,204,764,191
0,0,0,0,0,0,0,0,0,0,0,0,0,0,0,0,0,0,99,963,132,25,24,570,635,826,823,337,778,257,220,220,426,65,172,566,673,205,192,955
0,0,0,0,0,0,0,0,0,0,0,0,0,0,0,0,0,0,0,244,727,367,746,271,660,469,962,685,105,16,464,397,64,473,464,700,161,231,302,151
0,0,0,0,0,0,0,0,0,0,0,0,0,0,0,0,0,0,0,0,170,991,268,581,204,721,878,135,568,715,856,95,381,38,343,402,45,552,654,343
0,0,0,0,0,0,0,0,0,0,0,0,0,0,0,0,0,0,0,0,0,908,867,765,891,550,546,308,322,738,834,872,304,120,289,736,577,699,848,833
0,0,0,0,0,0,0,0,0,0,0,0,0,0,0,0,0,0,0,0,0,0,389,492,98,119,156,470,55,84,950,689,631,706,689,605,554,944,520,885
0,0,0,0,0,0,0,0,0,0,0,0,0,0,0,0,0,0,0,0,0,0,0,87,719,547,803,913,135,392,823,946,787,359,958,444,167,705,574,173
0,0,0,0,0,0,0,0,0,0,0,0,0,0,0,0,0,0,0,0,0,0,0,0,762,512,105,22,640,791,391,945,874,338,210,875,596,796,883,521
0,0,0,0,0,0,0,0,0,0,0,0,0,0,0,0,0,0,0,0,0,0,0,0,0,859,908,923,942,861,821,98,333,393,432,205,152,372,775,183
0,0,0,0,0,0,0,0,0,0,0,0,0,0,0,0,0,0,0,0,0,0,0,0,0,0,19,356,562,782,842,586,371,530,902,240,381,535,662,442
0,0,0,0,0,0,0,0,0,0,0,0,0,0,0,0,0,0,0,0,0,0,0,0,0,0,0,558,870,448,22,436,309,712,736,700,925,991,565,906
0,0,0,0,0,0,0,0,0,0,0,0,0,0,0,0,0,0,0,0,0,0,0,0,0,0,0,0,176,497,209,562,776,698,624,369,522,837,117,562
0,0,0,0,0,0,0,0,0,0,0,0,0,0,0,0,0,0,0,0,0,0,0,0,0,0,0,0,0,768,779,211,814,395,358,288,387,329,932,274
0,0,0,0,0,0,0,0,0,0,0,0,0,0,0,0,0,0,0,0,0,0,0,0,0,0,0,0,0,0,440,246,945,598,164,711,245,353,181,586
0,0,0,0,0,0,0,0,0,0,0,0,0,0,0,0,0,0,0,0,0,0,0,0,0,0,0,0,0,0,0,231,406,222,182,218,874,597,683,473
0,0,0,0,0,0,0,0,0,0,0,0,0,0,0,0,0,0,0,0,0,0,0,0,0,0,0,0,0,0,0,0,709,642,576,895,904,597,451,512
0,0,0,0,0,0,0,0,0,0,0,0,0,0,0,0,0,0,0,0,0,0,0,0,0,0,0,0,0,0,0,0,0,219,41,536,235,248,249,920
0,0,0,0,0,0,0,0,0,0,0,0,0,0,0,0,0,0,0,0,0,0,0,0,0,0,0,0,0,0,0,0,0,0,490,7,455,443,735,413
0,0,0,0,0,0,0,0,0,0,0,0,0,0,0,0,0,0,0,0,0,0,0,0,0,0,0,0,0,0,0,0,0,0,0,198,342,594,521,830
0,0,0,0,0,0,0,0,0,0,0,0,0,0,0,0,0,0,0,0,0,0,0,0,0,0,0,0,0,0,0,0,0,0,0,0,865,55,354,113
0,0,0,0,0,0,0,0,0,0,0,0,0,0,0,0,0,0,0,0,0,0,0,0,0,0,0,0,0,0,0,0,0,0,0,0,0,170,739,603
0,0,0,0,0,0,0,0,0,0,0,0,0,0,0,0,0,0,0,0,0,0,0,0,0,0,0,0,0,0,0,0,0,0,0,0,0,0,249,939
0,0,0,0,0,0,0,0,0,0,0,0,0,0,0,0,0,0,0,0,0,0,0,0,0,0,0,0,0,0,0,0,0,0,0,0,0,0,0,873
0,0,0,0,0,0,0,0,0,0,0,0,0,0,0,0,0,0,0,0,0,0,0,0,0,0,0,0,0,0,0,0,0,0,0,0,0,0,0,0
