Number of physical machine types:
3
Resources for each physical machine type:
128,256
64,256
128,128
Available number for each physical machine type:
90
90
90
Activation cost for each physical machine type:
200
150
150
Number of micro-service types:
40
Required number for each micro-service type:
8
18
18
7
16
8
19
5
11
8
6
8
11
13
14
12
12
8
16
1
19
2
8
18
4
6
10
5
13
5
14
2
12
16
14
20
12
19
16
10
Resource requirements for each micro-service type:
26,40
29,76
36,26
17,54
14,70
38,69
37,71
34,62
18,52
33,71
14,74
34,54
22,27
17,33
27,40
18,65
24,67
35,34
22,74
33,27
24,63
38,30
35,39
37,60
34,64
29,52
27,41
26,39
21,69
38,47
16,50
26,26
38,64
16,62
29,72
14,48
34,41
38,58
35,45
17,48
Total invoking flow matrix:
0,935,468,358,178,204,451,821,718,274,252,153,639,240,637,275,500,147,588,237,261,629,983,18,971,36,559,363,353,336,590,451,703,969,153,879,278,859,703,583
0,0,489,561,424,351,155,464,336,473,778,178,573,321,794,784,324,967,950,768,684,322,569,555,555,376,14,657,690,508,540,435,749,165,34,891,189,967,473,405
0,0,0,574,809,45,528,894,486,279,573,835,521,992,61,923,336,304,923,131,542,372,929,52,684,108,645,280,102,724,300,716,249,623,593,554,872,718,447,807
0,0,0,0,777,7,911,352,835,756,660,447,470,166,119,284,767,900,416,387,722,926,10,468,139,988,714,504,117,757,818,730,95,752,246,174,242,449,662,55
0,0,0,0,0,664,261,218,466,833,852,885,491,385,237,135,492,831,332,72,459,39,620,244,489,827,161,242,160,244,25,999,961,696,716,941,651,654,357,325
0,0,0,0,0,0,310,289,554,265,132,918,922,312,509,29,756,824,615,274,214,784,494,694,738,118,616,180,637,795,240,665,65,909,712,15,233,247,967,485
0,0,0,0,0,0,0,517,738,796,8,741,934,739,272,640,534,680,797,846,629,961,396,488,351,914,684,779,563,875,731,569,161,871,787,736,198,768,993,726
0,0,0,0,0,0,0,0,533,523,216,457,716,668,370,837,185,166,792,951,101,463,669,36,817,117,632,896,490,181,383,736,543,282,152,696,206,449,752,691
0,0,0,0,0,0,0,0,0,667,636,296,468,316,735,121,929,448,288,420,322,243,862,689,712,412,941,984,793,513,404,498,739,19,590,988,265,641,304,867
0,0,0,0,0,0,0,0,0,0,431,972,4,334,113,759,457,690,192,872,827,797,328,548,153,904,197,573,412,767,135,884,233,644,652,334,688,215,499,874
0,0,0,0,0,0,0,0,0,0,0,412,607,346,872,489,414,395,776,33,423,535,196,928,212,822,489,902,445,490,547,884,719,644,51,236,518,773,58,255
0,0,0,0,0,0,0,0,0,0,0,0,945,306,61,891,235,429,161,89,675,781,648,751,311,23,454,58,756,583,375,776,711,340,258,204,63,322,913,723
0,0,0,0,0,0,0,0,0,0,0,0,0,465,270,807,233,568,414,96,250,21,850,430,163,492,965,906,989,153,420,660,986,388,75,820,357,89,282,337
0,0,0,0,0,0,0,0,0,0,0,0,0,0,110,306,424,196,961,78,995,985,635,76,234,595,111,990,389,28,687,516,168,246,659,427,746,139,178,135
0,0,0,0,0,0,0,0,0,0,0,0,0,0,0,618,253,172,183,681,521,578,935,185,531,365,112,89,327,343,948,594,643,822,475,855,309,877,982,446
0,0,0,0,0,0,0,0,0,0,0,0,0,0,0,0,602,872,500,513,745,611,358,247,278,191,574,703,885,7,128,145,479,327,802,391,739,928,192,83
0,0,0,0,0,0,0,0,0,0,0,0,0,0,0,0,0,893,750,413,82,278,25,129,527,974,764,104,69,599,195,687,180,681,48,201,416,403,647,502
0,0,0,0,0,0,0,0,0,0,0,0,0,0,0,0,0,0,324,468,402,52,603,822,404,816,938,139,735,675,992,666,638,182,98,3,602,870,510,201
0,0,0,0,0,0,0,0,0,0,0,0,0,0,0,0,0,0,0,394,499,204,850,524,329,941,400,132,327,202,787,114,95,365,696,584,147,558,194,946
0,0,0,0,0,0,0,0,0,0,0,0,0,0,0,0,0,0,0,0,459,94,87,98,346,978,263,776,116,110,95,212,724,50,374,43,412,803,758,477
0,0,0,0,0,0,0,0,0,0,0,0,0,0,0,0,0,0,0,0,0,277,966,202,37,935,370,847,871,37,623,517,76,581,604,106,124,30,796,621
0,0,0,0,0,0,0,0,0,0,0,0,0,0,0,0,0,0,0,0,0,0,674,963,327,482,235,800,397,624,474,904,7,493,834,883,16,55,848,47
0,0,0,0,0,0,0,0,0,0,0,0,0,0,0,0,0,0,0,0,0,0,0,209,486,593,262,655,363,87,111,230,692,73,877,841,269,76,770,408
0,0,0,0,0,0,0,0,0,0,0,0,0,0,0,0,0,0,0,0,0,0,0,0,906,434,796,228,745,953,186,492,955,796,325,221,853,919,465,925
0,0,0,0,0,0,0,0,0,0,0,0,0,0,0,0,0,0,0,0,0,0,0,0,0,525,573,72,872,35,254,253,294,796,280,742,201,620,680,230
0,0,0,0,0,0,0,0,0,0,0,0,0,0,0,0,0,0,0,0,0,0,0,0,0,0,97,691,934,726,925,899,266,748,502,323,802,508,466,155
0,0,0,0,0,0,0,0,0,0,0,0,0,0,0,0,0,0,0,0,0,0,0,0,0,0,0,279,137,1,351,44,843,172,348,901,145,220,586,494
0,0,0,0,0,0,0,0,0,0,0,0,0,0,0,0,0,0,0,0,0,0,0,0,0,0,0,0,753,98,879,234,489,299,172,895,91,419,392,307
0,0,0,0,0,0,0,0,0,0,0,0,0,0,0,0,0,0,0,0,0,0,0,0,0,0,0,0,0,728,711,517,472,53,649,996,810,726,103,627
0,0,0,0,0,0,0,0,0,0,0,0,0,0,0,0,0,0,0,0,0,0,0,0,0,0,0,0,0,0,250,627,346,954,955,46,3,613,962,533
0,0,0,0,0,0,0,0,0,0,0,0,0,0,0,0,0,0,0,0,0,0,0,0,0,0,0,0,0,0,0,348,631,876,412,411,659,774,985,619
0,0,0,0,0,0,0,0,0,0,0,0,0,0,0,0,0,0,0,0,0,0,0,0,0,0,0,0,0,0,0,0,373,21,912,37,650,850,179,502
0,0,0,0,0,0,0,0,0,0,0,0,0,0,0,0,0,0,0,0,0,0,0,0,0,0,0,0,0,0,0,0,0,190,741,742,929,349,227,119
0,0,0,0,0,0,0,0,0,0,0,0,0,0,0,0,0,0,0,0,0,0,0,0,0,0,0,0,0,0,0,0,0,0,498,906,918,922,540,535
0,0,0,0,0,0,0,0,0,0,0,0,0,0,0,0,0,0,0,0,0,0,0,0,0,0,0,0,0,0,0,0,0,0,0,384,814,898,974,151
0,0,0,0,0,0,0,0,0,0,0,0,0,0,0,0,0,0,0,0,0,0,0,0,0,0,0,0,0,0,0,0,0,0,0,0,231,82,394,632
0,0,0,0,0,0,0,0,0,0,0,0,0,0,0,0,0,0,0,0,0,0,0,0,0,0,0,0,0,0,0,0,0,0,0,0,0,51,980,53
0,0,0,0,0,0,0,0,0,0,0,0,0,0,0,0,0,0,0,0,0,0,0,0,0,0,0,0,0,0,0,0,0,0,0,0,0,0,239,718
0,0,0,0,0,0,0,0,0,0,0,0,0,0,0,0,0,0,0,0,0,0,0,0,0,0,0,0,0,0,0,0,0,0,0,0,0,0,0,759
0,0,0,0,0,0,0,0,0,0,0,0,0,0,0,0,0,0,0,0,0,0,0,0,0,0,0,0,0,0,0,0,0,0,0,0,0,0,0,0
