Number of physical machine types:
3
Resources for each physical machine type:
128,256
64,256
128,128
Available number for each physical machine type:
78
78
78
Activation cost for each physical machine type:
200
150
150
Number of micro-service types:
40
Required number for each micro-service type:
14
8
18
15
7
10
13
10
2
1
16
3
5
7
11
1
15
4
12
4
5
15
13
10
7
8
14
11
5
7
15
8
2
14
11
13
3
19
11
17
Resource requirements for each micro-service type:
19,52
37,64
17,47
21,45
38,50
35,61
24,71
26,44
24,30
23,71
16,67
29,76
15,54
19,50
18,64
35,40
38,63
23,58
25,41
29,28
20,36
22,40
21,75
30,41
17,62
15,38
19,73
16,45
25,69
15,36
30,27
17,57
22,57
26,40
18,50
32,41
13,31
23,60
17,51
32,65
Total invoking flow matrix:
0,451,815,172,901,588,309,983,202,257,744,433,181,325,345,941,108,731,400,455,71,479,99,757,607,249,945,991,125,844,884,819,861,448,539,366,449,585,830,142
0,0,517,305,44,13,848,158,409,507,814,314,644,384,166,103,127,418,207,412,118,977,482,821,107,844,494,688,499,311,7,645,857,487,799,198,45,699,149,876
0,0,0,918,591,31,542,899,590,314,139,755,486,91,409,984,790,348,205,711,646,578,731,889,404,171,245,634,96,909,458,974,328,637,397,633,761,308,390,450
0,0,0,0,203,330,364,775,82,361,88,468,607,279,712,22,943,197,52,974,107,388,566,771,513,416,757,560,796,306,674,56,389,460,129,837,199,874,434,573
0,0,0,0,0,113,11,995,612,634,881,537,415,625,620,343,848,84,991,489,836,625,993,127,866,774,761,867,412,749,973,68,410,196,588,672,971,816,352,939
0,0,0,0,0,0,175,644,355,206,770,142,610,336,397,426,707,988,467,401,77,275,274,541,502,135,2,170,836,382,816,948,92,812,448,776,97,505,542,77
0,0,0,0,0,0,0,650,244,256,767,166,848,695,522,537,151,41,504,653,469,780,864,965,526,425,433,437,441,88,52,722,205,165,703,221,356,197,566,746
0,0,0,0,0,0,0,0,846,275,793,645,182,250,231,740,722,164,817,57,747,204,721,225,859,441,513,340,148,818,768,97,421,575,158,190,677,981,120,282
0,0,0,0,0,0,0,0,0,829,256,609,47,145,277,555,853,218,478,743,814,400,501,156,251,253,938,923,545,257,667,800,125,780,947,825,370,8,668,956
0,0,0,0,0,0,0,0,0,0,51,220,571,226,111,768,138,791,692,190,698,133,481,417,501,681,789,8,340,829,10,276,442,586,755,947,977,567,656,640
0,0,0,0,0,0,0,0,0,0,0,12,537,230,651,293,957,77,390,705,302,9,952,746,900,726,114,583,352,304,178,14,914,105,705,770,666,76,849,564
0,0,0,0,0,0,0,0,0,0,0,0,790,837,104,51,205,484,362,264,472,136,328,265,221,557,894,383,656,223,116,172,915,994,57,458,148,998,74,735
0,0,0,0,0,0,0,0,0,0,0,0,0,435,277,971,50,127,386,395,918,219,973,68,59,819,158,132,18,873,314,180,51,545,170,874,603,570,274,828
0,0,0,0,0,0,0,0,0,0,0,0,0,0,287,54,875,950,823,572,908,829,942,211,611,898,816,917,385,477,986,221,199,893,660,677,574,871,661,943
0,0,0,0,0,0,0,0,0,0,0,0,0,0,0,419,475,246,273,846,613,503,554,669,354,184,966,201,903,623,650,150,803,844,745,671,537,857,5,85
0,0,0,0,0,0,0,0,0,0,0,0,0,0,0,0,334,880,706,848,543,225,937,632,531,165,822,333,789,67,328,925,418,441,313,633,21,617,350,128
0,0,0,0,0,0,0,0,0,0,0,0,0,0,0,0,0,743,111,918,161,978,973,18,683,980,902,93,531,936,159,780,100,712,461,898,201,534,587,255
0,0,0,0,0,0,0,0,0,0,0,0,0,0,0,0,0,0,18,30,701,413,750,248,513,73,349,456,502,896,448,492,584,317,148,383,651,812,115,920
0,0,0,0,0,0,0,0,0,0,0,0,0,0,0,0,0,0,0,207,707,52,702,114,799,970,394,340,876,767,575,697,669,261,244,667,240,90,915,620
0,0,0,0,0,0,0,0,0,0,0,0,0,0,0,0,0,0,0,0,755,324,716,591,307,236,176,242,541,285,450,657,974,185,494,433,66,855,536,683
0,0,0,0,0,0,0,0,0,0,0,0,0,0,0,0,0,0,0,0,0,526,465,299,912,34,583,206,950,45,775,146,317,897,772,422,165,441,267,732
0,0,0,0,0,0,0,0,0,0,0,0,0,0,0,0,0,0,0,0,0,0,630,312,495,973,244,771,204,497,550,531,419,729,623,453,929,490,355,322
0,0,0,0,0,0,0,0,0,0,0,0,0,0,0,0,0,0,0,0,0,0,0,568,216,856,910,839,975,452,406,371,304,817,371,671,585,172,354,132
0,0,0,0,0,0,0,0,0,0,0,0,0,0,0,0,0,0,0,0,0,0,0,0,358,44,874,735,965,553,660,896,541,482,664,600,189,851,589,878
0,0,0,0,0,0,0,0,0,0,0,0,0,0,0,0,0,0,0,0,0,0,0,0,0,555,301,83,598,688,33,613,856,64,429,539,195,624,621,511
0,0,0,0,0,0,0,0,0,0,0,0,0,0,0,0,0,0,0,0,0,0,0,0,0,0,276,606,207,555,715,742,703,2,437,195,123,13,1000,755
0,0,0,0,0,0,0,0,0,0,0,0,0,0,0,0,0,0,0,0,0,0,0,0,0,0,0,143,656,935,235,536,228,423,581,650,593,835,555,403
0,0,0,0,0,0,0,0,0,0,0,0,0,0,0,0,0,0,0,0,0,0,0,0,0,0,0,0,202,53,486,889,367,27,784,184,207,728,368,309
0,0,0,0,0,0,0,0,0,0,0,0,0,0,0,0,0,0,0,0,0,0,0,0,0,0,0,0,0,924,80,809,576,989,700,877,945,556,54,164
0,0,0,0,0,0,0,0,0,0,0,0,0,0,0,0,0,0,0,0,0,0,0,0,0,0,0,0,0,0,318,545,517,480,910,962,292,541,160,858
0,0,0,0,0,0,0,0,0,0,0,0,0,0,0,0,0,0,0,0,0,0,0,0,0,0,0,0,0,0,0,286,13,987,196,735,787,553,482,780
0,0,0,0,0,0,0,0,0,0,0,0,0,0,0,0,0,0,0,0,0,0,0,0,0,0,0,0,0,0,0,0,179,946,196,159,197,909,224,175
0,0,0,0,0,0,0,0,0,0,0,0,0,0,0,0,0,0,0,0,0,0,0,0,0,0,0,0,0,0,0,0,0,935,97,383,653,982,166,423
0,0,0,0,0,0,0,0,0,0,0,0,0,0,0,0,0,0,0,0,0,0,0,0,0,0,0,0,0,0,0,0,0,0,943,776,376,477,362,542
0,0,0,0,0,0,0,0,0,0,0,0,0,0,0,0,0,0,0,0,0,0,0,0,0,0,0,0,0,0,0,0,0,0,0,422,945,348,200,11
0,0,0,0,0,0,0,0,0,0,0,0,0,0,0,0,0,0,0,0,0,0,0,0,0,0,0,0,0,0,0,0,0,0,0,0,284,438,840,767
0,0,0,0,0,0,0,0,0,0,0,0,0,0,0,0,0,0,0,0,0,0,0,0,0,0,0,0,0,0,0,0,0,0,0,0,0,346,269,198
0,0,0,0,0,0,0,0,0,0,0,0,0,0,0,0,0,0,0,0,0,0,0,0,0,0,0,0,0,0,0,0,0,0,0,0,0,0,673,733
0,0,0,0,0,0,0,0,0,0,0,0,0,0,0,0,0,0,0,0,0,0,0,0,0,0,0,0,0,0,0,0,0,0,0,0,0,0,0,629
0,0,0,0,0,0,0,0,0,0,0,0,0,0,0,0,0,0,0,0,0,0,0,0,0,0,0,0,0,0,0,0,0,0,0,0,0,0,0,0
