Number of physical machine types:
3
Resources for each physical machine type:
128,256
64,256
128,128
Available number for each physical machine type:
71
71
71
Activation cost for each physical machine type:
200
150
150
Number of micro-service types:
40
Required number for each micro-service type:
5
12
1
19
11
9
7
7
9
8
6
3
17
5
5
6
8
3
6
13
9
13
2
4
10
11
17
3
5
14
4
4
12
7
18
11
13
3
8
19
Resource requirements for each micro-service type:
19,77
24,52
17,33
38,54
38,60
31,50
35,59
25,40
31,37
26,57
16,46
16,30
32,38
30,30
20,33
25,76
26,63
20,28
33,72
15,53
22,36
21,42
27,39
22,75
17,75
26,31
23,34
38,76
25,35
32,52
13,46
30,51
33,70
23,39
32,46
36,75
26,59
19,39
34,72
13,64
Total invoking flow matrix:
0,593,999,649,817,802,947,247,218,188,86,532,711,161,752,980,461,271,394,869,407,126,287,999,154,274,111,139,291,97,723,651,181,952,107,460,801,170,837,721
0,0,448,16,739,146,312,235,952,9,485,691,915,26,19,238,412,671,159,606,370,820,759,169,303,66,886,385,79,669,262,751,271,455,378,898,882,517,4,861
0,0,0,820,860,984,601,278,898,431,168,866,596,973,974,99,274,34,161,415,527,651,447,513,696,565,402,299,643,852,111,884,615,193,646,683,320,316,351,393
0,0,0,0,697,328,171,525,980,558,377,305,52,139,747,223,899,454,862,319,579,786,116,738,289,301,159,332,327,75,692,447,854,29,160,390,274,947,712,439
0,0,0,0,0,800,434,298,422,592,596,332,443,202,399,719,809,533,29,100,382,332,425,795,966,291,607,173,411,745,5,954,936,664,32,809,351,890,475,587
0,0,0,0,0,0,962,478,346,614,370,616,207,247,217,584,19,739,839,222,261,74,364,736,96,994,692,782,413,876,723,556,23,139,139,489,883,951,846,876
0,0,0,0,0,0,0,681,164,2,27,564,500,755,488,502,191,564,719,158,804,366,631,366,415,378,782,765,565,168,809,324,226,35,712,161,326,696,110,163
0,0,0,0,0,0,0,0,898,197,661,80,450,740,173,941,20,463,221,25,788,991,454,190,654,21,798,14,544,6,904,439,454,103,466,870,998,217,924,707
0,0,0,0,0,0,0,0,0,299,563,421,378,604,976,469,14,83,288,480,79,110,549,250,973,569,147,178,662,852,118,230,82,497,326,86,463,436,55,456
0,0,0,0,0,0,0,0,0,0,990,305,882,753,869,827,998,618,567,678,192,428,347,14,197,859,882,671,897,991,342,874,363,835,862,72,962,337,686,694
0,0,0,0,0,0,0,0,0,0,0,870,858,226,239,979,329,113,270,581,609,361,672,666,350,800,771,681,623,153,850,512,189,98,593,90,31,790,502,700
0,0,0,0,0,0,0,0,0,0,0,0,264,418,445,137,291,76,581,823,924,301,190,281,813,108,947,875,588,77,695,726,896,586,130,849,766,212,996,800
0,0,0,0,0,0,0,0,0,0,0,0,0,483,155,424,651,118,768,435,333,221,95,397,947,136,530,725,151,477,42,787,910,991,670,58,963,338,180,215
0,0,0,0,0,0,0,0,0,0,0,0,0,0,447,915,158,677,327,545,640,703,974,846,445,134,4,851,879,567,375,67,568,230,688,725,198,256,123,823
0,0,0,0,0,0,0,0,0,0,0,0,0,0,0,240,497,335,804,933,344,948,750,661,575,524,933,503,273,41,740,963,89,556,313,539,401,123,228,513
0,0,0,0,0,0,0,0,0,0,0,0,0,0,0,0,474,274,470,514,286,864,714,31,567,939,882,997,205,823,458,389,521,110,944,168,531,745,999,71
0,0,0,0,0,0,0,0,0,0,0,0,0,0,0,0,0,806,221,415,481,391,593,893,809,476,641,545,20,799,673,856,590,764,972,211,611,918,342,63
0,0,0,0,0,0,0,0,0,0,0,0,0,0,0,0,0,0,276,843,285,455,23,351,588,985,68,821,636,584,704,448,630,99,369,406,74,560,169,49
0,0,0,0,0,0,0,0,0,0,0,0,0,0,0,0,0,0,0,253,853,792,738,120,325,960,310,406,592,553,481,690,959,87,882,638,640,179,67,684
0,0,0,0,0,0,0,0,0,0,0,0,0,0,0,0,0,0,0,0,569,462,757,220,9,830,782,274,799,465,129,897,257,80,714,482,845,25,563,750
0,0,0,0,0,0,0,0,0,0,0,0,0,0,0,0,0,0,0,0,0,100,70,253,484,25,636,236,125,365,864,707,912,288,232,403,899,283,491,191
0,0,0,0,0,0,0,0,0,0,0,0,0,0,0,0,0,0,0,0,0,0,822,617,6,953,741,782,508,262,31,207,15,453,173,624,514,32,278,245
0,0,0,0,0,0,0,0,0,0,0,0,0,0,0,0,0,0,0,0,0,0,0,650,491,845,174,174,559,879,406,778,321,735,739,500,940,843,227,513
0,0,0,0,0,0,0,0,0,0,0,0,0,0,0,0,0,0,0,0,0,0,0,0,331,936,150,743,631,992,239,160,379,195,998,830,920,512,158,966
0,0,0,0,0,0,0,0,0,0,0,0,0,0,0,0,0,0,0,0,0,0,0,0,0,716,455,746,53,59,824,471,171,88,834,616,17,619,929,672
0,0,0,0,0,0,0,0,0,0,0,0,0,0,0,0,0,0,0,0,0,0,0,0,0,0,746,581,224,31,24,328,431,576,170,476,108,970,929,418
0,0,0,0,0,0,0,0,0,0,0,0,0,0,0,0,0,0,0,0,0,0,0,0,0,0,0,22,909,288,12,511,304,617,3,950,78,733,98,877
0,0,0,0,0,0,0,0,0,0,0,0,0,0,0,0,0,0,0,0,0,0,0,0,0,0,0,0,911,835,863,873,17,281,367,970,728,797,541,13
0,0,0,0,0,0,0,0,0,0,0,0,0,0,0,0,0,0,0,0,0,0,0,0,0,0,0,0,0,688,558,63,951,194,612,453,148,882,744,300
0,0,0,0,0,0,0,0,0,0,0,0,0,0,0,0,0,0,0,0,0,0,0,0,0,0,0,0,0,0,244,164,79,662,817,111,559,257,156,175
0,0,0,0,0,0,0,0,0,0,0,0,0,0,0,0,0,0,0,0,0,0,0,0,0,0,0,0,0,0,0,351,562,714,523,259,67,44,626,588
0,0,0,0,0,0,0,0,0,0,0,0,0,0,0,0,0,0,0,0,0,0,0,0,0,0,0,0,0,0,0,0,677,176,172,878,907,404,384,582
0,0,0,0,0,0,0,0,0,0,0,0,0,0,0,0,0,0,0,0,0,0,0,0,0,0,0,0,0,0,0,0,0,176,142,216,609,883,933,633
0,0,0,0,0,0,0,0,0,0,0,0,0,0,0,0,0,0,0,0,0,0,0,0,0,0,0,0,0,0,0,0,0,0,796,804,405,897,846,11
0,0,0,0,0,0,0,0,0,0,0,0,0,0,0,0,0,0,0,0,0,0,0,0,0,0,0,0,0,0,0,0,0,0,0,311,562,325,751,668
0,0,0,0,0,0,0,0,0,0,0,0,0,0,0,0,0,0,0,0,0,0,0,0,0,0,0,0,0,0,0,0,0,0,0,0,496,859,662,573
0,0,0,0,0,0,0,0,0,0,0,0,0,0,0,0,0,0,0,0,0,0,0,0,0,0,0,0,0,0,0,0,0,0,0,0,0,175,117,346
0,0,0,0,0,0,0,0,0,0,0,0,0,0,0,0,0,0,0,0,0,0,0,0,0,0,0,0,0,0,0,0,0,0,0,0,0,0,592,785
0,0,0,0,0,0,0,0,0,0,0,0,0,0,0,0,0,0,0,0,0,0,0,0,0,0,0,0,0,0,0,0,0,0,0,0,0,0,0,316
0,0,0,0,0,0,0,0,0,0,0,0,0,0,0,0,0,0,0,0,0,0,0,0,0,0,0,0,0,0,0,0,0,0,0,0,0,0,0,0
