Number of physical machine types:
3
Resources for each physical machine type:
128,256
64,256
128,128
Available number for each physical machine type:
90
90
90
Activation cost for each physical machine type:
200
150
150
Number of micro-service types:
40
Required number for each micro-service type:
18
15
10
6
16
15
9
18
6
10
9
14
11
8
5
5
2
8
10
12
18
18
7
1
18
11
10
1
17
18
12
12
19
18
7
16
4
14
9
4
Resource requirements for each micro-service type:
24,44
20,56
29,26
35,67
27,40
28,71
22,51
29,46
31,68
19,69
24,30
27,54
23,28
13,47
28,43
17,38
26,38
29,70
17,75
28,67
26,63
31,38
16,38
30,61
14,73
16,51
20,71
20,27
30,55
25,29
36,75
30,63
38,51
23,26
18,65
33,75
21,68
31,60
15,68
28,30
Total invoking flow matrix:
0,208,140,840,63,190,990,167,165,490,977,211,979,977,550,435,105,651,697,63,411,876,132,598,2,995,427,511,358,677,433,459,925,381,94,716,385,840,669,167
0,0,793,618,269,993,995,103,404,836,946,997,701,731,298,505,967,661,91,918,35,537,745,180,196,320,199,301,743,210,19,626,658,87,713,5,400,999,446,315
0,0,0,15,264,504,263,660,435,117,508,899,286,518,449,407,111,689,824,215,507,994,434,35,258,578,200,70,821,194,935,645,208,916,636,655,46,570,369,600
0,0,0,0,623,655,389,838,36,53,416,698,5,309,78,167,838,443,8,478,847,359,707,976,382,531,199,628,156,405,679,32,703,566,98,429,294,129,22,683
0,0,0,0,0,720,910,302,521,451,13,700,781,843,547,400,464,64,2,825,522,251,459,745,524,97,186,909,522,645,957,59,903,48,934,521,204,94,428,169
0,0,0,0,0,0,640,846,763,79,259,14,244,404,435,364,657,715,317,506,321,356,134,64,607,822,337,662,789,758,906,334,479,142,939,976,137,555,590,385
0,0,0,0,0,0,0,345,142,507,93,255,376,82,911,182,122,353,274,472,326,409,507,831,509,936,801,336,144,512,201,744,497,535,61,841,650,292,622,510
0,0,0,0,0,0,0,0,905,581,592,587,203,835,34,213,111,769,770,681,351,945,743,687,953,369,482,493,931,523,228,387,203,643,523,683,218,835,725,540
0,0,0,0,0,0,0,0,0,843,284,884,695,985,729,718,923,673,20,193,90,574,409,28,848,381,469,892,478,313,72,535,688,319,417,931,882,481,576,132
0,0,0,0,0,0,0,0,0,0,930,579,622,328,275,512,669,649,184,626,522,130,528,153,744,38,425,35,717,858,413,226,864,525,856,682,876,626,72,421
0,0,0,0,0,0,0,0,0,0,0,542,433,628,122,331,129,18,818,253,988,160,869,243,667,567,715,177,380,310,670,462,147,737,210,425,856,986,912,698
0,0,0,0,0,0,0,0,0,0,0,0,528,64,655,87,76,352,450,120,444,375,127,694,735,663,724,427,956,602,429,456,473,588,414,301,581,777,938,259
0,0,0,0,0,0,0,0,0,0,0,0,0,564,211,490,784,805,673,424,93,760,992,201,273,427,926,158,728,552,107,236,608,914,22,904,276,488,74,957
0,0,0,0,0,0,0,0,0,0,0,0,0,0,655,357,290,91,808,248,421,628,70,765,973,110,197,921,175,185,908,703,137,124,536,851,966,895,178,254
0,0,0,0,0,0,0,0,0,0,0,0,0,0,0,83,17,650,468,968,628,687,844,155,905,333,967,124,138,126,109,871,928,585,900,34,90,428,138,208
0,0,0,0,0,0,0,0,0,0,0,0,0,0,0,0,444,721,26,230,84,999,481,956,893,304,393,740,986,974,767,476,805,220,161,66,524,341,121,241
0,0,0,0,0,0,0,0,0,0,0,0,0,0,0,0,0,785,196,427,20,802,702,243,155,149,291,556,94,748,930,78,39,669,201,610,546,799,926,641
0,0,0,0,0,0,0,0,0,0,0,0,0,0,0,0,0,0,378,136,293,307,910,99,35,276,20,631,771,840,310,84,585,114,717,846,167,121,133,364
0,0,0,0,0,0,0,0,0,0,0,0,0,0,0,0,0,0,0,710,885,849,625,758,75,275,57,719,204,349,591,16,544,736,126,121,735,875,669,940
0,0,0,0,0,0,0,0,0,0,0,0,0,0,0,0,0,0,0,0,913,787,556,635,701,679,796,674,656,288,360,521,271,265,95,278,360,288,749,251
0,0,0,0,0,0,0,0,0,0,0,0,0,0,0,0,0,0,0,0,0,644,209,327,803,822,341,622,408,36,312,283,357,255,727,884,250,682,512,226
0,0,0,0,0,0,0,0,0,0,0,0,0,0,0,0,0,0,0,0,0,0,408,450,366,978,309,636,287,166,921,937,446,670,535,378,5,440,216,673
0,0,0,0,0,0,0,0,0,0,0,0,0,0,0,0,0,0,0,0,0,0,0,622,565,354,800,79,179,854,698,117,110,170,403,126,760,98,762,108
0,0,0,0,0,0,0,0,0,0,0,0,0,0,0,0,0,0,0,0,0,0,0,0,139,76,391,512,357,417,593,609,181,647,149,233,405,264,894,760
0,0,0,0,0,0,0,0,0,0,0,0,0,0,0,0,0,0,0,0,0,0,0,0,0,520,289,129,26,653,652,818,568,51,859,609,466,540,49,629
0,0,0,0,0,0,0,0,0,0,0,0,0,0,0,0,0,0,0,0,0,0,0,0,0,0,96,300,738,640,431,219,559,411,57,519,372,667,118,209
0,0,0,0,0,0,0,0,0,0,0,0,0,0,0,0,0,0,0,0,0,0,0,0,0,0,0,655,974,134,827,784,942,267,831,868,159,168,649,646
0,0,0,0,0,0,0,0,0,0,0,0,0,0,0,0,0,0,0,0,0,0,0,0,0,0,0,0,910,453,97,546,156,881,506,298,114,481,864,924
0,0,0,0,0,0,0,0,0,0,0,0,0,0,0,0,0,0,0,0,0,0,0,0,0,0,0,0,0,31,598,882,761,612,148,652,239,923,252,680
0,0,0,0,0,0,0,0,0,0,0,0,0,0,0,0,0,0,0,0,0,0,0,0,0,0,0,0,0,0,593,666,492,499,592,514,73,174,554,182
0,0,0,0,0,0,0,0,0,0,0,0,0,0,0,0,0,0,0,0,0,0,0,0,0,0,0,0,0,0,0,662,932,928,73,384,335,468,119,474
0,0,0,0,0,0,0,0,0,0,0,0,0,0,0,0,0,0,0,0,0,0,0,0,0,0,0,0,0,0,0,0,779,217,457,318,948,674,276,149
0,0,0,0,0,0,0,0,0,0,0,0,0,0,0,0,0,0,0,0,0,0,0,0,0,0,0,0,0,0,0,0,0,736,548,877,736,763,370,639
0,0,0,0,0,0,0,0,0,0,0,0,0,0,0,0,0,0,0,0,0,0,0,0,0,0,0,0,0,0,0,0,0,0,898,401,133,89,952,390
0,0,0,0,0,0,0,0,0,0,0,0,0,0,0,0,0,0,0,0,0,0,0,0,0,0,0,0,0,0,0,0,0,0,0,242,657,999,804,60
0,0,0,0,0,0,0,0,0,0,0,0,0,0,0,0,0,0,0,0,0,0,0,0,0,0,0,0,0,0,0,0,0,0,0,0,447,130,171,218
0,0,0,0,0,0,0,0,0,0,0,0,0,0,0,0,0,0,0,0,0,0,0,0,0,0,0,0,0,0,0,0,0,0,0,0,0,142,353,446
0,0,0,0,0,0,0,0,0,0,0,0,0,0,0,0,0,0,0,0,0,0,0,0,0,0,0,0,0,0,0,0,0,0,0,0,0,0,701,819
0,0,0,0,0,0,0,0,0,0,0,0,0,0,0,0,0,0,0,0,0,0,0,0,0,0,0,0,0,0,0,0,0,0,0,0,0,0,0,396
0,0,0,0,0,0,0,0,0,0,0,0,0,0,0,0,0,0,0,0,0,0,0,0,0,0,0,0,0,0,0,0,0,0,0,0,0,0,0,0
