Number of physical machine types:
3
Resources for each physical machine type:
128,256
64,256
128,128
Available number for each physical machine type:
83
83
83
Activation cost for each physical machine type:
200
150
150
Number of micro-service types:
40
Required number for each micro-service type:
4
11
15
15
3
15
10
5
20
6
19
8
3
8
3
7
15
3
8
7
10
7
13
18
3
10
16
4
18
2
14
10
3
11
5
11
17
18
14
18
Resource requirements for each micro-service type:
13,44
20,32
22,31
17,36
28,75
19,43
31,56
17,66
22,70
32,62
29,38
29,55
18,35
34,71
17,43
34,68
30,67
24,48
29,28
37,33
24,42
23,35
31,31
33,77
19,55
17,30
29,41
30,49
38,75
25,61
16,61
31,65
34,70
36,63
22,54
18,70
29,47
37,50
31,39
24,60
Total invoking flow matrix:
0,735,899,443,825,116,632,822,470,861,826,249,392,175,254,986,609,150,96,56,573,788,820,567,535,642,962,132,46,516,438,490,398,207,429,972,362,955,311,489
0,0,983,690,94,88,578,575,347,766,16,494,182,593,750,128,661,171,995,569,851,222,170,520,871,287,848,988,547,750,746,313,744,720,696,877,184,784,300,863
0,0,0,878,760,126,612,885,376,435,725,581,147,286,840,162,313,298,467,787,447,879,493,219,516,359,521,275,585,375,151,234,340,747,216,421,200,280,325,913
0,0,0,0,353,94,634,910,500,426,641,266,43,921,983,626,514,41,100,442,840,908,293,514,408,565,645,188,695,637,832,447,388,553,207,81,759,361,163,299
0,0,0,0,0,279,261,432,405,51,57,785,456,25,550,294,540,836,672,605,645,786,783,991,988,968,938,589,991,807,644,428,528,673,309,80,268,908,226,394
0,0,0,0,0,0,392,445,340,383,290,261,277,229,639,185,549,210,201,750,568,162,405,506,551,268,58,775,753,844,13,321,822,164,746,278,42,288,707,236
0,0,0,0,0,0,0,292,581,703,554,274,350,653,978,179,446,209,42,652,636,418,145,914,907,82,140,915,311,757,46,6,680,688,211,260,635,930,336,713
0,0,0,0,0,0,0,0,431,782,113,69,276,744,643,122,654,365,726,507,303,700,579,128,949,918,209,341,650,685,616,886,773,727,90,691,853,770,326,361
0,0,0,0,0,0,0,0,0,963,593,920,700,343,489,625,625,474,367,726,190,372,562,305,824,208,48,51,276,353,328,516,178,801,301,802,616,431,354,979
0,0,0,0,0,0,0,0,0,0,833,819,406,252,561,225,639,107,102,814,847,494,59,761,497,366,672,786,309,556,208,621,277,954,454,976,533,516,237,991
0,0,0,0,0,0,0,0,0,0,0,796,416,629,895,527,768,800,529,288,738,572,89,908,416,990,227,56,61,312,149,287,246,316,466,348,256,32,962,355
0,0,0,0,0,0,0,0,0,0,0,0,179,162,646,215,245,215,42,480,393,177,763,838,584,873,342,596,628,554,571,866,536,101,685,956,516,936,965,704
0,0,0,0,0,0,0,0,0,0,0,0,0,85,810,205,95,113,269,746,308,117,696,838,693,428,715,87,630,553,262,374,289,214,766,961,54,904,778,781
0,0,0,0,0,0,0,0,0,0,0,0,0,0,577,158,425,643,434,344,294,945,972,318,381,989,212,913,216,752,611,380,691,936,688,164,110,424,387,342
0,0,0,0,0,0,0,0,0,0,0,0,0,0,0,446,35,774,84,6,585,738,131,775,913,472,42,776,558,687,374,632,664,251,148,96,497,148,568,576
0,0,0,0,0,0,0,0,0,0,0,0,0,0,0,0,731,471,295,607,980,484,148,518,165,532,55,651,564,460,76,213,5,148,159,691,184,757,530,38
0,0,0,0,0,0,0,0,0,0,0,0,0,0,0,0,0,700,714,460,681,550,374,475,337,331,294,960,394,170,560,850,638,243,533,316,952,195,754,864
0,0,0,0,0,0,0,0,0,0,0,0,0,0,0,0,0,0,528,686,232,204,787,879,883,615,434,799,95,930,202,204,308,300,788,464,546,280,354,841
0,0,0,0,0,0,0,0,0,0,0,0,0,0,0,0,0,0,0,40,471,670,705,293,89,948,687,716,763,363,29,212,493,896,119,637,450,388,650,89
0,0,0,0,0,0,0,0,0,0,0,0,0,0,0,0,0,0,0,0,186,621,622,714,67,153,161,855,672,987,687,980,227,110,772,619,241,181,592,34
0,0,0,0,0,0,0,0,0,0,0,0,0,0,0,0,0,0,0,0,0,501,741,857,178,354,462,790,247,122,501,121,628,361,189,305,204,209,962,907
0,0,0,0,0,0,0,0,0,0,0,0,0,0,0,0,0,0,0,0,0,0,614,590,439,746,658,961,362,642,578,917,670,746,471,485,843,545,964,905
0,0,0,0,0,0,0,0,0,0,0,0,0,0,0,0,0,0,0,0,0,0,0,127,562,392,924,483,121,503,65,696,715,712,311,588,235,970,344,271
0,0,0,0,0,0,0,0,0,0,0,0,0,0,0,0,0,0,0,0,0,0,0,0,665,767,398,455,890,635,592,192,863,681,4,449,867,437,322,375
0,0,0,0,0,0,0,0,0,0,0,0,0,0,0,0,0,0,0,0,0,0,0,0,0,429,23,501,999,901,675,502,46,920,744,817,527,765,384,353
0,0,0,0,0,0,0,0,0,0,0,0,0,0,0,0,0,0,0,0,0,0,0,0,0,0,404,211,421,586,333,422,178,911,416,871,304,344,248,924
0,0,0,0,0,0,0,0,0,0,0,0,0,0,0,0,0,0,0,0,0,0,0,0,0,0,0,282,244,400,720,842,947,988,745,538,292,766,950,949
0,0,0,0,0,0,0,0,0,0,0,0,0,0,0,0,0,0,0,0,0,0,0,0,0,0,0,0,440,880,60,902,462,729,712,801,204,816,750,157
0,0,0,0,0,0,0,0,0,0,0,0,0,0,0,0,0,0,0,0,0,0,0,0,0,0,0,0,0,391,793,720,772,842,535,8,39,816,296,889
0,0,0,0,0,0,0,0,0,0,0,0,0,0,0,0,0,0,0,0,0,0,0,0,0,0,0,0,0,0,610,759,966,359,40,204,560,825,200,802
0,0,0,0,0,0,0,0,0,0,0,0,0,0,0,0,0,0,0,0,0,0,0,0,0,0,0,0,0,0,0,314,322,337,610,794,808,537,662,494
0,0,0,0,0,0,0,0,0,0,0,0,0,0,0,0,0,0,0,0,0,0,0,0,0,0,0,0,0,0,0,0,777,293,120,367,79,251,35,519
0,0,0,0,0,0,0,0,0,0,0,0,0,0,0,0,0,0,0,0,0,0,0,0,0,0,0,0,0,0,0,0,0,983,365,800,34,646,325,33
0,0,0,0,0,0,0,0,0,0,0,0,0,0,0,0,0,0,0,0,0,0,0,0,0,0,0,0,0,0,0,0,0,0,240,654,229,888,349,101
0,0,0,0,0,0,0,0,0,0,0,0,0,0,0,0,0,0,0,0,0,0,0,0,0,0,0,0,0,0,0,0,0,0,0,110,666,79,672,575
0,0,0,0,0,0,0,0,0,0,0,0,0,0,0,0,0,0,0,0,0,0,0,0,0,0,0,0,0,0,0,0,0,0,0,0,204,163,415,146
0,0,0,0,0,0,0,0,0,0,0,0,0,0,0,0,0,0,0,0,0,0,0,0,0,0,0,0,0,0,0,0,0,0,0,0,0,748,602,733
0,0,0,0,0,0,0,0,0,0,0,0,0,0,0,0,0,0,0,0,0,0,0,0,0,0,0,0,0,0,0,0,0,0,0,0,0,0,804,877
0,0,0,0,0,0,0,0,0,0,0,0,0,0,0,0,0,0,0,0,0,0,0,0,0,0,0,0,0,0,0,0,0,0,0,0,0,0,0,447
0,0,0,0,0,0,0,0,0,0,0,0,0,0,0,0,0,0,0,0,0,0,0,0,0,0,0,0,0,0,0,0,0,0,0,0,0,0,0,0
