Number of physical machine types:
3
Resources for each physical machine type:
128,256
64,256
128,128
Available number for each physical machine type:
96
96
96
Activation cost for each physical machine type:
200
150
150
Number of micro-service types:
40
Required number for each micro-service type:
12
6
16
17
14
3
13
13
5
18
16
4
14
16
19
9
6
12
8
16
3
4
11
9
18
18
11
18
10
18
8
7
18
8
11
14
14
16
17
1
Resource requirements for each micro-service type:
15,61
31,59
15,46
38,36
17,60
38,75
25,56
35,31
32,71
37,45
20,55
22,73
23,75
14,28
31,42
20,36
34,73
14,53
32,59
31,54
38,76
34,33
38,67
36,52
22,68
20,30
28,32
24,75
15,60
29,43
31,76
26,63
30,29
33,56
18,42
30,45
22,63
24,48
19,71
25,74
Total invoking flow matrix:
0,457,806,109,949,129,495,781,415,408,688,779,545,694,870,414,431,117,288,652,369,959,705,815,314,119,253,48,945,222,978,354,530,787,183,265,64,476,491,404
0,0,732,584,454,3,914,203,886,693,903,579,86,567,610,410,70,726,834,612,296,116,75,649,936,965,804,479,305,528,825,718,705,292,966,771,906,466,13,320
0,0,0,642,907,998,4,134,794,671,670,592,775,88,787,238,304,330,538,128,672,16,206,684,816,34,628,370,102,40,471,342,14,768,986,594,655,490,474,472
0,0,0,0,732,545,4,990,268,55,803,288,46,430,451,878,943,26,945,246,29,750,86,822,11,706,632,756,305,621,439,997,371,978,392,831,437,541,708,741
0,0,0,0,0,100,889,673,256,98,141,279,642,840,550,592,800,99,685,324,610,731,67,270,286,949,118,165,232,550,540,665,68,918,929,915,497,247,759,707
0,0,0,0,0,0,51,618,432,655,125,1000,597,360,757,131,166,123,322,188,68,807,516,149,590,744,567,759,359,320,710,496,931,46,215,958,20,17,446,826
0,0,0,0,0,0,0,146,540,959,92,487,267,383,805,183,27,591,14,408,841,639,215,314,831,538,830,32,507,189,128,193,946,873,767,446,894,377,140,195
0,0,0,0,0,0,0,0,77,768,850,749,735,450,925,72,748,401,953,505,582,260,309,223,802,333,326,948,293,444,812,730,66,416,725,529,415,428,381,320
0,0,0,0,0,0,0,0,0,276,353,466,441,275,603,667,58,754,103,831,772,136,734,593,75,294,480,720,85,852,975,723,170,676,461,231,726,686,821,240
0,0,0,0,0,0,0,0,0,0,519,594,500,117,738,498,162,79,834,496,259,259,791,649,318,317,493,968,806,810,149,938,87,867,715,290,353,172,698,282
0,0,0,0,0,0,0,0,0,0,0,319,498,897,844,392,826,747,444,645,537,59,626,151,497,307,405,156,205,976,558,758,769,54,536,782,647,281,50,182
0,0,0,0,0,0,0,0,0,0,0,0,675,927,394,433,28,253,701,933,233,893,470,279,564,745,480,550,19,263,351,625,893,572,826,754,85,199,400,206
0,0,0,0,0,0,0,0,0,0,0,0,0,783,794,762,569,953,743,459,290,302,507,276,699,575,280,384,998,759,463,775,122,791,878,110,979,478,480,120
0,0,0,0,0,0,0,0,0,0,0,0,0,0,257,556,925,894,345,509,213,192,457,769,702,253,436,717,604,952,862,202,24,766,793,800,566,505,507,111
0,0,0,0,0,0,0,0,0,0,0,0,0,0,0,773,982,843,566,557,849,57,964,6,472,713,425,391,175,619,311,359,15,95,320,975,0,23,503,722
0,0,0,0,0,0,0,0,0,0,0,0,0,0,0,0,453,587,573,634,580,205,914,727,512,727,565,149,190,139,57,768,583,405,935,220,455,448,749,792
0,0,0,0,0,0,0,0,0,0,0,0,0,0,0,0,0,563,814,471,123,985,573,390,662,383,828,719,795,812,351,673,677,115,105,131,797,423,963,970
0,0,0,0,0,0,0,0,0,0,0,0,0,0,0,0,0,0,75,446,639,675,61,50,786,882,794,515,129,469,390,977,187,316,677,609,787,728,172,383
0,0,0,0,0,0,0,0,0,0,0,0,0,0,0,0,0,0,0,370,755,771,670,766,830,34,804,466,538,519,744,506,36,13,239,125,521,120,703,946
0,0,0,0,0,0,0,0,0,0,0,0,0,0,0,0,0,0,0,0,349,571,1,312,927,325,639,328,82,743,62,368,560,854,645,244,223,108,148,198
0,0,0,0,0,0,0,0,0,0,0,0,0,0,0,0,0,0,0,0,0,968,147,715,4,208,82,279,457,691,238,534,236,959,578,342,661,48,845,865
0,0,0,0,0,0,0,0,0,0,0,0,0,0,0,0,0,0,0,0,0,0,453,248,987,587,833,913,302,972,555,506,706,204,692,572,139,27,608,22
0,0,0,0,0,0,0,0,0,0,0,0,0,0,0,0,0,0,0,0,0,0,0,1,586,955,219,35,828,403,89,57,579,733,238,40,712,81,826,978
0,0,0,0,0,0,0,0,0,0,0,0,0,0,0,0,0,0,0,0,0,0,0,0,353,207,391,571,260,293,440,327,470,985,388,583,522,52,922,289
0,0,0,0,0,0,0,0,0,0,0,0,0,0,0,0,0,0,0,0,0,0,0,0,0,965,410,501,307,882,458,465,978,548,230,144,61,362,576,370
0,0,0,0,0,0,0,0,0,0,0,0,0,0,0,0,0,0,0,0,0,0,0,0,0,0,881,8,684,86,404,749,568,25,92,113,900,566,667,736
0,0,0,0,0,0,0,0,0,0,0,0,0,0,0,0,0,0,0,0,0,0,0,0,0,0,0,221,534,537,723,577,411,321,671,48,407,939,970,280
0,0,0,0,0,0,0,0,0,0,0,0,0,0,0,0,0,0,0,0,0,0,0,0,0,0,0,0,319,285,832,256,825,865,465,442,143,852,820,594
0,0,0,0,0,0,0,0,0,0,0,0,0,0,0,0,0,0,0,0,0,0,0,0,0,0,0,0,0,724,551,714,403,982,694,769,822,591,55,381
0,0,0,0,0,0,0,0,0,0,0,0,0,0,0,0,0,0,0,0,0,0,0,0,0,0,0,0,0,0,215,6,760,332,807,13,683,924,38,202
0,0,0,0,0,0,0,0,0,0,0,0,0,0,0,0,0,0,0,0,0,0,0,0,0,0,0,0,0,0,0,189,597,614,116,102,665,703,136,374
0,0,0,0,0,0,0,0,0,0,0,0,0,0,0,0,0,0,0,0,0,0,0,0,0,0,0,0,0,0,0,0,309,372,312,604,660,65,298,250
0,0,0,0,0,0,0,0,0,0,0,0,0,0,0,0,0,0,0,0,0,0,0,0,0,0,0,0,0,0,0,0,0,85,125,846,50,62,392,436
0,0,0,0,0,0,0,0,0,0,0,0,0,0,0,0,0,0,0,0,0,0,0,0,0,0,0,0,0,0,0,0,0,0,793,754,913,509,759,294
0,0,0,0,0,0,0,0,0,0,0,0,0,0,0,0,0,0,0,0,0,0,0,0,0,0,0,0,0,0,0,0,0,0,0,141,3,472,166,900
0,0,0,0,0,0,0,0,0,0,0,0,0,0,0,0,0,0,0,0,0,0,0,0,0,0,0,0,0,0,0,0,0,0,0,0,130,65,743,630
0,0,0,0,0,0,0,0,0,0,0,0,0,0,0,0,0,0,0,0,0,0,0,0,0,0,0,0,0,0,0,0,0,0,0,0,0,505,931,980
0,0,0,0,0,0,0,0,0,0,0,0,0,0,0,0,0,0,0,0,0,0,0,0,0,0,0,0,0,0,0,0,0,0,0,0,0,0,581,948
0,0,0,0,0,0,0,0,0,0,0,0,0,0,0,0,0,0,0,0,0,0,0,0,0,0,0,0,0,0,0,0,0,0,0,0,0,0,0,715
0,0,0,0,0,0,0,0,0,0,0,0,0,0,0,0,0,0,0,0,0,0,0,0,0,0,0,0,0,0,0,0,0,0,0,0,0,0,0,0
