Number of physical machine types:
3
Resources for each physical machine type:
128,256
64,256
128,128
Available number for each physical machine type:
82
82
82
Activation cost for each physical machine type:
200
150
150
Number of micro-service types:
40
Required number for each micro-service type:
12
17
12
8
7
9
1
7
11
13
6
7
12
4
11
16
18
13
13
3
19
6
20
3
18
20
8
8
5
14
6
20
4
2
2
5
13
8
19
4
Resource requirements for each micro-service type:
25,40
32,73
38,36
26,76
28,30
27,71
27,75
14,45
36,68
33,38
13,55
18,31
30,47
19,48
18,35
18,38
30,27
19,71
27,36
25,71
36,61
17,32
30,61
28,61
38,46
38,60
31,59
14,66
15,71
20,76
15,55
26,44
24,62
23,48
29,45
35,52
35,73
37,70
25,41
38,31
Total invoking flow matrix:
0,429,188,948,916,10,938,166,591,376,375,952,23,822,343,838,301,318,416,935,932,685,787,483,696,583,882,156,557,971,949,375,550,909,98,95,372,599,715,550
0,0,235,214,775,314,719,106,651,436,637,472,803,322,4,293,879,99,493,288,47,499,828,91,954,958,330,422,636,154,202,659,841,571,650,407,478,357,767,67
0,0,0,397,874,448,1,663,426,580,638,802,22,352,823,316,688,717,60,855,186,863,758,558,716,110,162,60,627,767,224,923,780,637,706,564,444,340,144,233
0,0,0,0,213,86,917,798,792,325,970,730,954,506,87,488,863,314,74,1,461,407,59,331,587,185,73,156,930,739,822,545,121,841,57,561,131,470,781,53
0,0,0,0,0,570,384,86,804,896,669,879,689,94,736,666,869,488,138,609,878,595,986,719,676,714,843,394,864,347,345,334,90,261,810,420,690,268,106,814
0,0,0,0,0,0,182,588,373,608,730,566,417,641,796,821,10,964,953,777,348,339,488,221,986,970,953,255,710,502,376,653,932,212,915,24,286,284,669,295
0,0,0,0,0,0,0,408,306,658,458,31,684,296,90,438,337,800,476,326,317,468,256,420,95,187,193,218,723,767,814,362,51,608,371,519,643,572,613,386
0,0,0,0,0,0,0,0,810,583,965,828,44,854,977,594,638,943,159,222,970,136,194,236,124,575,796,66,496,180,427,983,301,634,136,293,566,435,37,825
0,0,0,0,0,0,0,0,0,918,922,854,61,570,4,363,695,379,938,535,615,934,278,828,811,158,875,299,475,231,272,913,567,341,398,712,82,541,679,152
0,0,0,0,0,0,0,0,0,0,141,544,170,369,192,143,457,509,279,799,557,167,444,460,494,386,798,164,569,423,358,970,348,631,768,481,893,119,148,669
0,0,0,0,0,0,0,0,0,0,0,333,837,511,847,116,654,118,765,813,353,330,151,656,712,721,482,50,928,307,622,559,675,936,542,855,426,246,857,364
0,0,0,0,0,0,0,0,0,0,0,0,437,831,981,651,838,405,953,728,764,523,811,742,324,923,637,230,202,300,721,246,823,880,776,735,949,991,200,713
0,0,0,0,0,0,0,0,0,0,0,0,0,484,613,734,35,72,821,111,998,75,374,76,580,632,323,711,570,483,678,243,979,643,623,458,838,159,950,613
0,0,0,0,0,0,0,0,0,0,0,0,0,0,696,211,911,719,727,433,995,934,340,352,531,805,702,803,495,839,779,221,93,185,107,561,63,401,506,623
0,0,0,0,0,0,0,0,0,0,0,0,0,0,0,12,62,158,743,547,403,573,967,380,491,412,349,460,354,569,568,555,903,404,21,54,100,472,508,638
0,0,0,0,0,0,0,0,0,0,0,0,0,0,0,0,511,501,756,617,343,13,188,873,500,78,290,568,810,769,845,910,14,313,995,421,561,430,517,432
0,0,0,0,0,0,0,0,0,0,0,0,0,0,0,0,0,289,474,183,416,839,103,142,877,962,686,266,666,511,444,729,747,364,466,439,711,899,981,595
0,0,0,0,0,0,0,0,0,0,0,0,0,0,0,0,0,0,89,259,132,163,769,542,788,344,250,917,97,238,207,240,387,446,123,96,534,289,569,874
0,0,0,0,0,0,0,0,0,0,0,0,0,0,0,0,0,0,0,633,277,690,780,604,136,955,70,707,231,305,141,181,935,225,361,934,662,298,919,585
0,0,0,0,0,0,0,0,0,0,0,0,0,0,0,0,0,0,0,0,491,32,230,981,469,483,168,360,148,129,453,884,742,208,902,768,687,795,995,617
0,0,0,0,0,0,0,0,0,0,0,0,0,0,0,0,0,0,0,0,0,676,584,921,345,282,107,196,346,885,857,98,803,816,871,337,367,457,210,807
0,0,0,0,0,0,0,0,0,0,0,0,0,0,0,0,0,0,0,0,0,0,42,933,46,773,818,566,552,325,176,681,623,435,776,556,224,292,254,978
0,0,0,0,0,0,0,0,0,0,0,0,0,0,0,0,0,0,0,0,0,0,0,53,731,607,634,191,132,352,63,581,385,62,798,651,444,327,35,536
0,0,0,0,0,0,0,0,0,0,0,0,0,0,0,0,0,0,0,0,0,0,0,0,436,71,149,289,996,574,162,627,778,706,982,47,318,631,615,836
0,0,0,0,0,0,0,0,0,0,0,0,0,0,0,0,0,0,0,0,0,0,0,0,0,567,288,679,915,911,99,69,881,645,229,233,383,342,10,273
0,0,0,0,0,0,0,0,0,0,0,0,0,0,0,0,0,0,0,0,0,0,0,0,0,0,949,451,940,263,587,975,498,887,413,797,641,542,696,861
0,0,0,0,0,0,0,0,0,0,0,0,0,0,0,0,0,0,0,0,0,0,0,0,0,0,0,283,78,952,841,312,843,948,962,123,592,106,96,627
0,0,0,0,0,0,0,0,0,0,0,0,0,0,0,0,0,0,0,0,0,0,0,0,0,0,0,0,745,894,729,323,46,299,442,330,106,633,955,234
0,0,0,0,0,0,0,0,0,0,0,0,0,0,0,0,0,0,0,0,0,0,0,0,0,0,0,0,0,381,361,51,510,164,334,239,461,37,836,1000
0,0,0,0,0,0,0,0,0,0,0,0,0,0,0,0,0,0,0,0,0,0,0,0,0,0,0,0,0,0,169,799,300,182,533,882,183,254,849,43
0,0,0,0,0,0,0,0,0,0,0,0,0,0,0,0,0,0,0,0,0,0,0,0,0,0,0,0,0,0,0,109,40,522,525,185,644,239,822,146
0,0,0,0,0,0,0,0,0,0,0,0,0,0,0,0,0,0,0,0,0,0,0,0,0,0,0,0,0,0,0,0,106,468,118,790,145,160,805,197
0,0,0,0,0,0,0,0,0,0,0,0,0,0,0,0,0,0,0,0,0,0,0,0,0,0,0,0,0,0,0,0,0,214,559,564,71,853,43,747
0,0,0,0,0,0,0,0,0,0,0,0,0,0,0,0,0,0,0,0,0,0,0,0,0,0,0,0,0,0,0,0,0,0,434,520,818,918,809,979
0,0,0,0,0,0,0,0,0,0,0,0,0,0,0,0,0,0,0,0,0,0,0,0,0,0,0,0,0,0,0,0,0,0,0,60,189,36,441,531
0,0,0,0,0,0,0,0,0,0,0,0,0,0,0,0,0,0,0,0,0,0,0,0,0,0,0,0,0,0,0,0,0,0,0,0,455,374,496,351
0,0,0,0,0,0,0,0,0,0,0,0,0,0,0,0,0,0,0,0,0,0,0,0,0,0,0,0,0,0,0,0,0,0,0,0,0,122,563,150
0,0,0,0,0,0,0,0,0,0,0,0,0,0,0,0,0,0,0,0,0,0,0,0,0,0,0,0,0,0,0,0,0,0,0,0,0,0,479,646
0,0,0,0,0,0,0,0,0,0,0,0,0,0,0,0,0,0,0,0,0,0,0,0,0,0,0,0,0,0,0,0,0,0,0,0,0,0,0,913
0,0,0,0,0,0,0,0,0,0,0,0,0,0,0,0,0,0,0,0,0,0,0,0,0,0,0,0,0,0,0,0,0,0,0,0,0,0,0,0
