Number of physical machine types:
3
Resources for each physical machine type:
128,256
64,256
128,128
Available number for each physical machine type:
83
83
83
Activation cost for each physical machine type:
200
150
150
Number of micro-service types:
40
Required number for each micro-service type:
5
8
14
4
15
3
6
15
5
12
13
18
12
4
11
5
5
2
16
11
15
1
13
8
3
8
11
16
6
19
18
12
19
3
20
10
17
16
4
6
Resource requirements for each micro-service type:
18,26
14,67
25,40
20,31
29,42
30,53
38,31
35,68
29,41
33,27
38,61
36,51
25,53
20,40
38,52
38,58
26,56
21,36
15,57
20,53
13,33
25,30
31,75
14,66
38,72
24,55
28,58
26,55
32,41
26,66
14,48
33,64
28,52
31,62
17,34
22,44
34,62
23,32
35,67
16,46
Total invoking flow matrix:
0,847,211,637,708,61,477,893,499,520,294,477,581,777,609,173,814,251,662,728,315,937,209,659,379,218,303,309,200,63,669,476,177,604,478,6,970,227,376,977
0,0,283,514,56,650,44,958,713,34,55,708,23,889,593,271,267,564,138,878,891,421,617,291,162,334,160,799,173,591,404,466,752,499,996,298,270,240,262,483
0,0,0,177,254,124,542,251,31,455,495,416,54,657,816,461,836,778,359,270,699,814,638,715,503,641,569,464,589,62,167,219,788,850,173,229,247,545,81,605
0,0,0,0,615,991,811,213,415,897,772,515,318,622,545,636,167,585,143,792,274,233,359,182,651,75,636,743,774,997,90,403,3,988,967,254,403,635,587,173
0,0,0,0,0,921,647,281,258,503,353,268,611,719,527,11,376,719,829,110,77,906,630,969,357,144,473,972,665,279,537,551,712,517,505,836,884,62,167,29
0,0,0,0,0,0,71,55,740,531,444,985,577,494,157,332,938,453,729,92,871,891,695,210,871,590,250,929,28,982,31,381,673,422,619,66,325,293,49,551
0,0,0,0,0,0,0,717,531,340,517,694,651,857,112,746,228,711,925,313,305,560,383,609,744,668,581,783,329,45,94,846,339,352,828,941,161,755,867,916
0,0,0,0,0,0,0,0,765,852,166,434,132,434,110,577,443,146,397,48,439,530,175,796,185,291,99,400,763,55,697,21,566,739,738,906,104,285,966,574
0,0,0,0,0,0,0,0,0,865,908,754,621,132,120,56,712,214,966,59,271,418,824,632,948,469,640,289,380,590,87,95,728,403,832,565,41,501,928,101
0,0,0,0,0,0,0,0,0,0,834,604,898,373,363,22,746,634,356,311,60,836,715,496,563,520,845,269,321,907,368,945,299,793,997,597,83,390,648,891
0,0,0,0,0,0,0,0,0,0,0,694,710,303,513,934,180,974,302,884,452,814,534,853,542,933,962,185,235,874,908,393,275,718,294,509,159,794,526,786
0,0,0,0,0,0,0,0,0,0,0,0,842,235,646,928,346,151,917,14,310,598,617,311,635,251,780,312,442,941,927,515,982,182,495,811,849,329,86,120
0,0,0,0,0,0,0,0,0,0,0,0,0,829,798,53,430,103,213,1000,350,896,100,437,101,892,467,373,774,847,168,767,874,381,572,561,629,386,227,123
0,0,0,0,0,0,0,0,0,0,0,0,0,0,727,743,21,90,960,231,655,936,269,317,613,821,436,916,715,229,336,235,771,716,14,63,310,248,633,488
0,0,0,0,0,0,0,0,0,0,0,0,0,0,0,398,220,206,659,925,344,277,69,707,601,462,967,537,370,850,975,610,980,23,174,673,369,384,763,328
0,0,0,0,0,0,0,0,0,0,0,0,0,0,0,0,600,988,406,217,955,200,414,654,538,43,987,351,12,141,903,11,116,673,799,549,403,395,813,92
0,0,0,0,0,0,0,0,0,0,0,0,0,0,0,0,0,945,164,991,100,23,839,694,747,149,227,289,744,100,545,953,87,257,747,630,699,272,535,807
0,0,0,0,0,0,0,0,0,0,0,0,0,0,0,0,0,0,518,197,728,62,332,290,855,853,992,567,268,120,234,562,132,831,76,176,710,918,339,541
0,0,0,0,0,0,0,0,0,0,0,0,0,0,0,0,0,0,0,493,188,987,506,639,359,934,749,148,651,948,795,551,916,166,353,981,21,385,539,464
0,0,0,0,0,0,0,0,0,0,0,0,0,0,0,0,0,0,0,0,416,315,165,674,622,145,999,669,104,982,694,181,782,877,991,926,371,887,304,745
0,0,0,0,0,0,0,0,0,0,0,0,0,0,0,0,0,0,0,0,0,144,164,78,998,134,546,419,132,373,23,56,621,421,118,483,830,62,193,964
0,0,0,0,0,0,0,0,0,0,0,0,0,0,0,0,0,0,0,0,0,0,857,885,74,508,260,770,64,586,632,113,277,854,189,199,202,661,378,694
0,0,0,0,0,0,0,0,0,0,0,0,0,0,0,0,0,0,0,0,0,0,0,491,49,821,506,144,556,377,714,387,612,830,436,108,99,703,37,342
0,0,0,0,0,0,0,0,0,0,0,0,0,0,0,0,0,0,0,0,0,0,0,0,251,437,720,189,989,196,521,614,322,682,276,363,103,972,885,761
0,0,0,0,0,0,0,0,0,0,0,0,0,0,0,0,0,0,0,0,0,0,0,0,0,746,533,420,90,728,148,940,643,700,547,986,88,758,763,978
0,0,0,0,0,0,0,0,0,0,0,0,0,0,0,0,0,0,0,0,0,0,0,0,0,0,976,947,277,14,366,540,309,395,667,686,790,744,32,794
0,0,0,0,0,0,0,0,0,0,0,0,0,0,0,0,0,0,0,0,0,0,0,0,0,0,0,491,665,595,382,106,951,643,239,425,491,206,743,325
0,0,0,0,0,0,0,0,0,0,0,0,0,0,0,0,0,0,0,0,0,0,0,0,0,0,0,0,998,5,344,864,609,612,180,183,678,507,88,940
0,0,0,0,0,0,0,0,0,0,0,0,0,0,0,0,0,0,0,0,0,0,0,0,0,0,0,0,0,273,783,803,795,351,157,718,887,248,859,950
0,0,0,0,0,0,0,0,0,0,0,0,0,0,0,0,0,0,0,0,0,0,0,0,0,0,0,0,0,0,639,9,720,989,345,434,898,213,781,744
0,0,0,0,0,0,0,0,0,0,0,0,0,0,0,0,0,0,0,0,0,0,0,0,0,0,0,0,0,0,0,496,734,154,263,296,365,915,215,713
0,0,0,0,0,0,0,0,0,0,0,0,0,0,0,0,0,0,0,0,0,0,0,0,0,0,0,0,0,0,0,0,752,514,739,313,901,487,128,811
0,0,0,0,0,0,0,0,0,0,0,0,0,0,0,0,0,0,0,0,0,0,0,0,0,0,0,0,0,0,0,0,0,674,970,14,410,52,241,481
0,0,0,0,0,0,0,0,0,0,0,0,0,0,0,0,0,0,0,0,0,0,0,0,0,0,0,0,0,0,0,0,0,0,283,935,67,790,777,542
0,0,0,0,0,0,0,0,0,0,0,0,0,0,0,0,0,0,0,0,0,0,0,0,0,0,0,0,0,0,0,0,0,0,0,773,497,816,901,983
0,0,0,0,0,0,0,0,0,0,0,0,0,0,0,0,0,0,0,0,0,0,0,0,0,0,0,0,0,0,0,0,0,0,0,0,977,173,273,335
0,0,0,0,0,0,0,0,0,0,0,0,0,0,0,0,0,0,0,0,0,0,0,0,0,0,0,0,0,0,0,0,0,0,0,0,0,808,657,92
0,0,0,0,0,0,0,0,0,0,0,0,0,0,0,0,0,0,0,0,0,0,0,0,0,0,0,0,0,0,0,0,0,0,0,0,0,0,4,535
0,0,0,0,0,0,0,0,0,0,0,0,0,0,0,0,0,0,0,0,0,0,0,0,0,0,0,0,0,0,0,0,0,0,0,0,0,0,0,165
0,0,0,0,0,0,0,0,0,0,0,0,0,0,0,0,0,0,0,0,0,0,0,0,0,0,0,0,0,0,0,0,0,0,0,0,0,0,0,0
