Number of physical machine types:
3
Resources for each physical machine type:
128,256
64,256
128,128
Available number for each physical machine type:
73
73
73
Activation cost for each physical machine type:
200
150
150
Number of micro-service types:
40
Required number for each micro-service type:
5
7
4
8
17
16
3
12
9
11
6
2
17
2
19
2
4
6
11
16
8
1
1
2
8
4
15
13
6
16
13
4
19
14
15
14
3
12
14
1
Resource requirements for each micro-service type:
16,74
14,45
25,39
35,27
16,54
21,39
18,71
15,41
14,63
16,53
27,31
30,68
27,66
15,30
20,59
27,34
22,63
19,58
32,40
15,43
14,47
34,36
24,67
32,37
13,59
20,72
29,37
32,51
37,65
28,30
37,50
38,37
18,52
36,44
19,57
25,64
35,65
33,57
15,33
28,52
Total invoking flow matrix:
0,529,225,324,414,492,983,1000,849,418,574,79,649,13,523,749,335,8,597,195,648,716,86,117,560,955,16,266,689,816,252,179,430,743,813,97,277,797,964,397
0,0,41,31,696,449,709,753,133,721,824,760,443,132,405,169,998,397,408,660,236,595,27,431,664,999,897,560,102,885,288,746,882,751,754,374,576,980,153,907
0,0,0,134,596,532,986,701,23,81,355,520,934,76,782,722,117,942,229,493,299,536,473,390,997,92,59,713,242,499,960,250,564,158,778,159,167,769,428,374
0,0,0,0,214,484,134,693,903,762,680,42,565,691,938,125,303,326,568,766,549,684,463,597,565,517,261,856,886,371,558,383,955,944,424,529,598,737,343,675
0,0,0,0,0,409,213,544,329,207,854,398,93,818,341,550,550,365,567,259,632,394,170,290,456,522,491,392,559,925,521,161,115,959,22,874,236,954,655,488
0,0,0,0,0,0,246,669,605,769,318,733,403,938,106,408,315,523,619,44,546,780,361,52,578,965,480,345,483,576,956,328,939,64,358,879,456,478,148,122
0,0,0,0,0,0,0,179,372,697,414,612,328,766,865,586,684,773,208,491,71,164,474,617,199,887,330,884,377,691,503,223,37,894,296,265,824,266,285,281
0,0,0,0,0,0,0,0,732,164,498,369,432,167,476,1,267,565,102,972,265,34,654,577,419,310,726,598,552,214,812,318,46,239,590,356,972,121,97,400
0,0,0,0,0,0,0,0,0,684,760,104,900,831,691,721,823,245,663,707,337,327,879,398,247,612,709,717,157,865,879,292,299,327,461,444,92,576,79,631
0,0,0,0,0,0,0,0,0,0,536,598,47,486,235,191,570,238,635,71,635,480,84,817,881,169,661,335,482,111,25,176,929,693,507,535,130,912,71,310
0,0,0,0,0,0,0,0,0,0,0,214,924,626,574,974,525,895,361,33,853,913,23,316,284,843,528,636,54,971,554,548,555,879,890,308,670,452,228,669
0,0,0,0,0,0,0,0,0,0,0,0,544,132,446,158,322,806,945,914,907,502,459,406,518,519,279,60,866,220,995,681,455,244,43,729,470,12,355,117
0,0,0,0,0,0,0,0,0,0,0,0,0,664,498,382,622,299,113,873,424,307,267,515,682,234,868,24,298,297,635,157,988,218,741,562,628,728,898,464
0,0,0,0,0,0,0,0,0,0,0,0,0,0,477,79,387,551,283,615,208,803,972,79,754,42,401,848,751,314,828,1,423,927,91,352,597,739,117,301
0,0,0,0,0,0,0,0,0,0,0,0,0,0,0,379,736,348,856,181,846,266,810,727,747,195,465,273,496,101,602,552,318,161,216,464,972,81,353,588
0,0,0,0,0,0,0,0,0,0,0,0,0,0,0,0,882,916,897,220,224,476,97,589,206,594,753,45,603,186,750,838,884,471,669,645,423,481,533,136
0,0,0,0,0,0,0,0,0,0,0,0,0,0,0,0,0,838,150,476,279,268,55,860,415,182,691,894,883,15,658,305,973,539,216,776,58,534,373,535
0,0,0,0,0,0,0,0,0,0,0,0,0,0,0,0,0,0,682,309,76,280,760,471,997,11,376,201,879,425,918,444,903,299,221,454,390,1000,63,397
0,0,0,0,0,0,0,0,0,0,0,0,0,0,0,0,0,0,0,254,698,401,279,408,900,831,787,102,255,133,685,97,251,348,282,969,743,306,807,224
0,0,0,0,0,0,0,0,0,0,0,0,0,0,0,0,0,0,0,0,800,43,283,751,600,119,798,611,597,606,154,537,832,333,413,736,315,753,813,492
0,0,0,0,0,0,0,0,0,0,0,0,0,0,0,0,0,0,0,0,0,597,259,796,112,1000,82,352,94,364,25,929,710,922,115,954,456,971,666,517
0,0,0,0,0,0,0,0,0,0,0,0,0,0,0,0,0,0,0,0,0,0,244,258,538,723,637,574,600,471,893,592,721,434,473,737,354,563,989,22
0,0,0,0,0,0,0,0,0,0,0,0,0,0,0,0,0,0,0,0,0,0,0,392,288,922,826,807,659,257,368,75,651,774,393,443,913,813,450,154
0,0,0,0,0,0,0,0,0,0,0,0,0,0,0,0,0,0,0,0,0,0,0,0,537,93,278,528,486,956,802,122,444,404,75,475,638,83,789,574
0,0,0,0,0,0,0,0,0,0,0,0,0,0,0,0,0,0,0,0,0,0,0,0,0,797,457,214,437,681,236,187,244,705,508,577,352,410,862,906
0,0,0,0,0,0,0,0,0,0,0,0,0,0,0,0,0,0,0,0,0,0,0,0,0,0,517,696,565,168,195,758,559,647,473,632,750,171,972,483
0,0,0,0,0,0,0,0,0,0,0,0,0,0,0,0,0,0,0,0,0,0,0,0,0,0,0,820,883,620,554,187,345,196,48,13,398,631,475,714
0,0,0,0,0,0,0,0,0,0,0,0,0,0,0,0,0,0,0,0,0,0,0,0,0,0,0,0,968,8,549,438,979,422,671,157,951,759,493,678
0,0,0,0,0,0,0,0,0,0,0,0,0,0,0,0,0,0,0,0,0,0,0,0,0,0,0,0,0,588,285,145,660,397,186,171,264,929,405,588
0,0,0,0,0,0,0,0,0,0,0,0,0,0,0,0,0,0,0,0,0,0,0,0,0,0,0,0,0,0,163,42,337,704,13,140,436,254,664,255
0,0,0,0,0,0,0,0,0,0,0,0,0,0,0,0,0,0,0,0,0,0,0,0,0,0,0,0,0,0,0,551,795,155,765,491,161,354,824,352
0,0,0,0,0,0,0,0,0,0,0,0,0,0,0,0,0,0,0,0,0,0,0,0,0,0,0,0,0,0,0,0,92,644,616,316,910,872,442,991
0,0,0,0,0,0,0,0,0,0,0,0,0,0,0,0,0,0,0,0,0,0,0,0,0,0,0,0,0,0,0,0,0,567,167,102,475,641,2,932
0,0,0,0,0,0,0,0,0,0,0,0,0,0,0,0,0,0,0,0,0,0,0,0,0,0,0,0,0,0,0,0,0,0,45,341,801,580,224,730
0,0,0,0,0,0,0,0,0,0,0,0,0,0,0,0,0,0,0,0,0,0,0,0,0,0,0,0,0,0,0,0,0,0,0,238,23,728,332,436
0,0,0,0,0,0,0,0,0,0,0,0,0,0,0,0,0,0,0,0,0,0,0,0,0,0,0,0,0,0,0,0,0,0,0,0,209,77,302,164
0,0,0,0,0,0,0,0,0,0,0,0,0,0,0,0,0,0,0,0,0,0,0,0,0,0,0,0,0,0,0,0,0,0,0,0,0,962,493,317
0,0,0,0,0,0,0,0,0,0,0,0,0,0,0,0,0,0,0,0,0,0,0,0,0,0,0,0,0,0,0,0,0,0,0,0,0,0,402,29
0,0,0,0,0,0,0,0,0,0,0,0,0,0,0,0,0,0,0,0,0,0,0,0,0,0,0,0,0,0,0,0,0,0,0,0,0,0,0,262
0,0,0,0,0,0,0,0,0,0,0,0,0,0,0,0,0,0,0,0,0,0,0,0,0,0,0,0,0,0,0,0,0,0,0,0,0,0,0,0
