Number of physical machine types:
3
Resources for each physical machine type:
128,256
64,256
128,128
Available number for each physical machine type:
82
82
82
Activation cost for each physical machine type:
200
150
150
Number of micro-service types:
40
Required number for each micro-service type:
15
9
14
4
12
8
13
18
6
11
13
4
19
1
7
11
5
19
17
8
13
3
10
13
20
3
8
16
6
8
19
1
20
3
4
12
6
2
9
13
Resource requirements for each micro-service type:
29,40
28,62
38,45
36,38
34,39
25,56
14,55
29,74
21,61
20,75
29,72
24,56
15,67
15,71
28,41
21,75
23,43
26,34
38,74
33,31
20,36
21,70
28,70
17,31
16,62
14,68
15,73
35,43
32,67
17,58
36,26
18,35
31,54
21,55
31,58
34,56
25,27
16,54
31,33
18,75
Total invoking flow matrix:
0,85,374,935,430,473,254,638,519,497,457,35,533,478,264,409,707,746,251,230,810,375,213,267,830,149,898,413,856,261,998,407,203,803,917,728,591,701,308,984
0,0,252,365,394,474,704,877,68,537,194,448,926,727,729,660,110,555,413,721,551,173,457,234,320,90,213,837,311,295,753,285,420,177,142,70,207,862,64,291
0,0,0,942,555,418,933,335,432,828,597,197,247,345,296,76,496,506,696,811,33,555,292,451,225,667,345,260,937,385,684,999,763,306,490,159,180,678,971,957
0,0,0,0,612,516,534,367,489,246,508,719,275,852,703,804,432,300,538,750,313,623,208,670,926,192,312,75,664,876,193,92,999,681,75,816,894,421,873,302
0,0,0,0,0,553,165,888,50,675,736,453,614,56,643,960,194,34,318,683,711,436,61,471,674,210,220,785,577,618,221,607,560,833,457,846,851,306,616,575
0,0,0,0,0,0,424,10,472,421,650,813,862,147,421,68,15,215,908,986,258,695,772,608,553,500,459,181,42,438,700,727,370,269,837,843,898,275,196,264
0,0,0,0,0,0,0,729,45,99,27,253,646,455,539,302,535,318,599,852,707,34,885,50,76,350,491,574,423,171,772,687,729,552,586,467,496,469,114,47
0,0,0,0,0,0,0,0,516,430,405,538,33,88,872,320,7,529,247,863,863,946,184,473,244,810,4,284,338,0,949,826,968,487,954,108,270,449,569,687
0,0,0,0,0,0,0,0,0,166,736,116,225,398,514,391,361,94,328,311,281,370,273,847,687,291,737,69,362,394,635,886,849,814,121,268,389,278,895,384
0,0,0,0,0,0,0,0,0,0,107,824,282,510,103,220,479,386,106,446,398,317,58,272,712,483,634,898,584,525,593,225,512,615,983,274,67,381,190,587
0,0,0,0,0,0,0,0,0,0,0,864,373,209,854,580,306,163,370,575,354,64,372,190,97,487,375,542,634,556,794,745,920,815,367,176,361,442,793,68
0,0,0,0,0,0,0,0,0,0,0,0,610,484,490,790,60,563,653,75,826,934,809,609,802,926,138,24,558,344,620,371,743,914,123,913,753,237,661,896
0,0,0,0,0,0,0,0,0,0,0,0,0,514,109,508,454,34,112,635,115,693,841,589,296,921,461,64,110,177,49,944,698,936,853,266,970,283,860,933
0,0,0,0,0,0,0,0,0,0,0,0,0,0,4,241,633,128,77,763,516,672,37,341,120,490,903,326,520,306,925,82,339,41,235,837,828,648,117,430
0,0,0,0,0,0,0,0,0,0,0,0,0,0,0,921,675,675,779,542,853,541,904,317,923,479,599,150,142,734,743,0,293,518,814,545,935,281,699,126
0,0,0,0,0,0,0,0,0,0,0,0,0,0,0,0,937,480,248,594,226,575,39,90,994,439,48,530,259,965,663,752,350,437,470,4,203,412,58,884
0,0,0,0,0,0,0,0,0,0,0,0,0,0,0,0,0,47,481,752,444,719,495,136,424,917,368,712,74,420,628,696,781,245,263,897,705,584,399,405
0,0,0,0,0,0,0,0,0,0,0,0,0,0,0,0,0,0,236,839,904,824,166,551,892,479,379,908,186,612,77,957,441,622,95,487,899,314,692,341
0,0,0,0,0,0,0,0,0,0,0,0,0,0,0,0,0,0,0,298,674,590,381,481,917,189,765,627,452,393,314,437,851,411,420,921,19,409,610,546
0,0,0,0,0,0,0,0,0,0,0,0,0,0,0,0,0,0,0,0,454,793,127,304,552,567,879,125,583,106,548,124,532,239,743,294,111,934,785,215
0,0,0,0,0,0,0,0,0,0,0,0,0,0,0,0,0,0,0,0,0,411,214,258,352,730,166,313,692,499,679,75,544,210,921,342,336,37,151,147
0,0,0,0,0,0,0,0,0,0,0,0,0,0,0,0,0,0,0,0,0,0,862,912,437,412,848,495,418,807,666,29,713,567,480,318,83,730,546,680
0,0,0,0,0,0,0,0,0,0,0,0,0,0,0,0,0,0,0,0,0,0,0,871,81,418,630,676,590,710,197,131,474,431,623,242,502,807,284,368
0,0,0,0,0,0,0,0,0,0,0,0,0,0,0,0,0,0,0,0,0,0,0,0,747,985,198,366,422,308,678,487,336,515,274,16,445,97,692,17
0,0,0,0,0,0,0,0,0,0,0,0,0,0,0,0,0,0,0,0,0,0,0,0,0,544,436,283,826,291,534,326,351,461,776,296,53,945,617,282
0,0,0,0,0,0,0,0,0,0,0,0,0,0,0,0,0,0,0,0,0,0,0,0,0,0,733,286,769,718,451,890,83,443,761,265,832,82,662,469
0,0,0,0,0,0,0,0,0,0,0,0,0,0,0,0,0,0,0,0,0,0,0,0,0,0,0,260,301,98,945,844,942,645,184,765,492,408,201,880
0,0,0,0,0,0,0,0,0,0,0,0,0,0,0,0,0,0,0,0,0,0,0,0,0,0,0,0,466,71,239,4,494,41,558,204,177,164,58,470
0,0,0,0,0,0,0,0,0,0,0,0,0,0,0,0,0,0,0,0,0,0,0,0,0,0,0,0,0,93,583,104,965,347,311,749,311,656,706,372
0,0,0,0,0,0,0,0,0,0,0,0,0,0,0,0,0,0,0,0,0,0,0,0,0,0,0,0,0,0,981,559,615,326,329,876,843,82,515,33
0,0,0,0,0,0,0,0,0,0,0,0,0,0,0,0,0,0,0,0,0,0,0,0,0,0,0,0,0,0,0,108,506,296,298,606,530,934,132,576
0,0,0,0,0,0,0,0,0,0,0,0,0,0,0,0,0,0,0,0,0,0,0,0,0,0,0,0,0,0,0,0,788,419,359,699,157,388,865,374
0,0,0,0,0,0,0,0,0,0,0,0,0,0,0,0,0,0,0,0,0,0,0,0,0,0,0,0,0,0,0,0,0,544,536,600,608,50,712,765
0,0,0,0,0,0,0,0,0,0,0,0,0,0,0,0,0,0,0,0,0,0,0,0,0,0,0,0,0,0,0,0,0,0,391,902,649,395,363,632
0,0,0,0,0,0,0,0,0,0,0,0,0,0,0,0,0,0,0,0,0,0,0,0,0,0,0,0,0,0,0,0,0,0,0,364,849,223,512,100
0,0,0,0,0,0,0,0,0,0,0,0,0,0,0,0,0,0,0,0,0,0,0,0,0,0,0,0,0,0,0,0,0,0,0,0,550,738,42,125
0,0,0,0,0,0,0,0,0,0,0,0,0,0,0,0,0,0,0,0,0,0,0,0,0,0,0,0,0,0,0,0,0,0,0,0,0,506,962,670
0,0,0,0,0,0,0,0,0,0,0,0,0,0,0,0,0,0,0,0,0,0,0,0,0,0,0,0,0,0,0,0,0,0,0,0,0,0,831,774
0,0,0,0,0,0,0,0,0,0,0,0,0,0,0,0,0,0,0,0,0,0,0,0,0,0,0,0,0,0,0,0,0,0,0,0,0,0,0,748
0,0,0,0,0,0,0,0,0,0,0,0,0,0,0,0,0,0,0,0,0,0,0,0,0,0,0,0,0,0,0,0,0,0,0,0,0,0,0,0
