Number of physical machine types:
3
Resources for each physical machine type:
128,256
64,256
128,128
Available number for each physical machine type:
81
81
81
Activation cost for each physical machine type:
200
150
150
Number of micro-service types:
40
Required number for each micro-service type:
19
6
17
20
3
2
6
9
6
17
8
4
3
17
1
11
19
18
9
11
6
11
4
8
10
18
9
9
10
12
11
14
3
11
5
10
9
4
12
15
Resource requirements for each micro-service type:
18,31
18,74
31,75
19,59
25,68
35,42
17,34
26,32
15,60
37,67
27,77
14,33
27,57
17,60
31,51
29,40
36,51
31,73
37,64
14,70
22,27
20,56
35,38
24,77
15,41
15,46
15,70
22,44
37,74
25,38
24,34
22,54
21,26
18,35
17,42
19,56
19,40
29,49
36,37
20,51
Total invoking flow matrix:
0,896,563,34,549,90,140,855,906,829,350,912,312,398,497,83,704,606,522,403,267,6,771,679,57,112,404,200,281,351,803,310,970,418,877,73,360,599,507,489
0,0,91,580,468,803,215,192,463,859,590,713,894,303,942,201,6,138,540,936,878,251,206,612,968,662,676,230,823,42,235,608,552,773,21,503,642,73,803,995
0,0,0,857,930,951,144,864,75,179,948,745,834,347,535,256,862,362,912,868,571,795,704,776,646,284,839,644,366,402,790,298,546,736,203,74,946,803,42,712
0,0,0,0,303,998,109,319,357,343,540,558,246,366,931,685,439,364,476,873,595,889,293,809,345,925,475,272,556,90,945,232,260,113,497,184,462,891,323,775
0,0,0,0,0,138,584,858,453,878,219,876,24,853,582,635,722,981,831,27,778,651,964,962,509,193,306,751,106,751,448,915,458,295,390,860,824,459,301,106
0,0,0,0,0,0,868,901,124,115,22,471,272,11,479,395,228,555,406,307,890,91,347,834,160,648,107,325,695,875,5,417,946,456,118,44,323,748,867,286
0,0,0,0,0,0,0,69,14,604,700,493,892,881,104,313,972,267,360,724,262,293,250,917,984,249,135,98,843,978,136,327,441,7,26,868,265,820,738,86
0,0,0,0,0,0,0,0,375,857,840,255,982,656,22,11,617,534,555,129,580,155,771,247,6,281,596,664,502,334,978,460,816,298,638,171,657,15,126,161
0,0,0,0,0,0,0,0,0,905,850,944,711,740,780,611,376,425,90,710,614,287,26,748,81,573,136,139,561,188,973,817,524,832,386,780,283,113,846,575
0,0,0,0,0,0,0,0,0,0,536,700,396,11,614,568,929,799,739,721,724,100,288,295,388,1,809,613,777,281,146,51,301,138,380,946,504,580,987,521
0,0,0,0,0,0,0,0,0,0,0,637,32,856,64,25,35,948,769,146,355,412,640,519,468,581,775,603,754,168,373,176,425,695,758,653,809,843,822,365
0,0,0,0,0,0,0,0,0,0,0,0,761,970,97,752,936,385,553,759,66,605,657,449,280,273,299,749,519,881,205,173,12,54,411,703,185,554,881,399
0,0,0,0,0,0,0,0,0,0,0,0,0,410,376,635,197,581,507,696,157,776,390,829,595,412,342,69,758,397,975,967,283,516,96,123,296,448,953,629
0,0,0,0,0,0,0,0,0,0,0,0,0,0,739,885,741,571,447,227,261,0,405,489,663,775,801,682,752,981,725,34,90,738,51,774,181,842,651,79
0,0,0,0,0,0,0,0,0,0,0,0,0,0,0,287,5,209,138,673,685,675,401,944,719,542,114,588,486,763,208,99,428,266,701,116,808,585,928,453
0,0,0,0,0,0,0,0,0,0,0,0,0,0,0,0,647,514,244,100,505,387,205,836,436,394,663,860,970,193,177,765,661,419,611,547,989,721,387,162
0,0,0,0,0,0,0,0,0,0,0,0,0,0,0,0,0,827,89,408,534,955,808,345,465,509,501,94,395,531,726,333,111,918,408,682,258,840,925,460
0,0,0,0,0,0,0,0,0,0,0,0,0,0,0,0,0,0,456,765,555,360,691,443,106,381,152,344,771,660,704,391,668,997,784,26,752,504,725,166
0,0,0,0,0,0,0,0,0,0,0,0,0,0,0,0,0,0,0,654,24,543,1000,883,753,208,789,596,878,911,54,825,462,235,648,398,650,204,422,49
0,0,0,0,0,0,0,0,0,0,0,0,0,0,0,0,0,0,0,0,336,709,262,566,931,356,415,94,611,513,557,652,9,92,886,261,96,519,788,730
0,0,0,0,0,0,0,0,0,0,0,0,0,0,0,0,0,0,0,0,0,213,273,862,825,45,454,843,146,65,715,366,543,318,187,124,745,862,210,920
0,0,0,0,0,0,0,0,0,0,0,0,0,0,0,0,0,0,0,0,0,0,918,820,46,969,807,916,267,674,787,54,812,662,180,245,34,131,815,763
0,0,0,0,0,0,0,0,0,0,0,0,0,0,0,0,0,0,0,0,0,0,0,267,447,867,196,276,197,346,200,134,777,490,992,689,60,917,637,616
0,0,0,0,0,0,0,0,0,0,0,0,0,0,0,0,0,0,0,0,0,0,0,0,356,549,193,514,795,470,201,504,733,188,373,648,196,910,614,132
0,0,0,0,0,0,0,0,0,0,0,0,0,0,0,0,0,0,0,0,0,0,0,0,0,307,274,907,35,257,539,235,192,892,870,851,530,103,80,190
0,0,0,0,0,0,0,0,0,0,0,0,0,0,0,0,0,0,0,0,0,0,0,0,0,0,516,997,529,863,895,527,250,917,170,227,84,892,611,470
0,0,0,0,0,0,0,0,0,0,0,0,0,0,0,0,0,0,0,0,0,0,0,0,0,0,0,222,579,89,703,969,683,569,517,946,71,307,225,646
0,0,0,0,0,0,0,0,0,0,0,0,0,0,0,0,0,0,0,0,0,0,0,0,0,0,0,0,540,626,186,870,936,910,978,292,406,945,403,772
0,0,0,0,0,0,0,0,0,0,0,0,0,0,0,0,0,0,0,0,0,0,0,0,0,0,0,0,0,994,547,538,348,889,651,675,283,561,312,336
0,0,0,0,0,0,0,0,0,0,0,0,0,0,0,0,0,0,0,0,0,0,0,0,0,0,0,0,0,0,922,236,645,96,538,763,329,918,226,857
0,0,0,0,0,0,0,0,0,0,0,0,0,0,0,0,0,0,0,0,0,0,0,0,0,0,0,0,0,0,0,685,920,743,769,252,637,168,583,650
0,0,0,0,0,0,0,0,0,0,0,0,0,0,0,0,0,0,0,0,0,0,0,0,0,0,0,0,0,0,0,0,221,21,270,214,878,510,749,174
0,0,0,0,0,0,0,0,0,0,0,0,0,0,0,0,0,0,0,0,0,0,0,0,0,0,0,0,0,0,0,0,0,639,490,804,627,902,415,977
0,0,0,0,0,0,0,0,0,0,0,0,0,0,0,0,0,0,0,0,0,0,0,0,0,0,0,0,0,0,0,0,0,0,228,364,747,829,110,142
0,0,0,0,0,0,0,0,0,0,0,0,0,0,0,0,0,0,0,0,0,0,0,0,0,0,0,0,0,0,0,0,0,0,0,675,461,920,718,144
0,0,0,0,0,0,0,0,0,0,0,0,0,0,0,0,0,0,0,0,0,0,0,0,0,0,0,0,0,0,0,0,0,0,0,0,699,867,377,197
0,0,0,0,0,0,0,0,0,0,0,0,0,0,0,0,0,0,0,0,0,0,0,0,0,0,0,0,0,0,0,0,0,0,0,0,0,121,88,507
0,0,0,0,0,0,0,0,0,0,0,0,0,0,0,0,0,0,0,0,0,0,0,0,0,0,0,0,0,0,0,0,0,0,0,0,0,0,994,153
0,0,0,0,0,0,0,0,0,0,0,0,0,0,0,0,0,0,0,0,0,0,0,0,0,0,0,0,0,0,0,0,0,0,0,0,0,0,0,290
0,0,0,0,0,0,0,0,0,0,0,0,0,0,0,0,0,0,0,0,0,0,0,0,0,0,0,0,0,0,0,0,0,0,0,0,0,0,0,0
