Number of physical machine types:
3
Resources for each physical machine type:
128,256
64,256
128,128
Available number for each physical machine type:
58
58
58
Activation cost for each physical machine type:
200
150
150
Number of micro-service types:
30
Required number for each micro-service type:
3
12
4
9
10
13
9
15
2
11
12
10
13
9
12
15
3
10
15
3
10
11
11
11
2
8
14
10
6
12
Resource requirements for each micro-service type:
26,33
20,73
33,47
24,38
22,75
38,61
31,56
31,39
18,45
32,67
23,72
19,36
19,63
16,62
28,49
36,41
23,38
29,38
37,60
20,74
27,49
34,37
13,56
28,31
20,31
16,43
18,39
21,63
13,49
18,29
Total invoking flow matrix:
0,62,50,16,560,446,321,458,667,39,159,995,425,189,291,514,228,22,503,140,243,606,75,89,538,950,796,617,540,400
0,0,952,920,979,520,800,668,118,368,813,794,340,125,622,775,812,148,148,115,70,289,581,278,520,969,690,71,603,421
0,0,0,745,784,129,371,86,822,995,756,989,306,716,389,872,963,72,943,809,955,524,679,146,390,999,191,43,963,620
0,0,0,0,912,400,596,660,579,711,475,273,851,20,536,563,776,121,111,796,559,180,184,553,114,464,374,309,105,461
0,0,0,0,0,940,438,418,525,459,735,356,433,871,955,627,770,375,916,68,433,782,964,366,50,689,449,551,890,420
0,0,0,0,0,0,427,756,319,825,131,719,9,196,88,219,921,904,149,940,821,125,496,801,999,332,143,306,386,722
0,0,0,0,0,0,0,416,978,261,546,78,130,793,310,480,577,393,651,73,179,510,733,197,377,960,340,378,166,277
0,0,0,0,0,0,0,0,24,832,963,875,372,228,93,668,48,85,316,1000,757,395,330,310,913,228,477,382,317,581
0,0,0,0,0,0,0,0,0,368,407,456,4,628,861,561,309,454,722,959,990,126,950,174,7,778,21,764,405,956
0,0,0,0,0,0,0,0,0,0,268,852,841,46,584,415,361,472,104,291,806,339,691,100,282,424,558,430,564,685
0,0,0,0,0,0,0,0,0,0,0,783,666,298,871,686,239,464,758,63,693,601,530,910,463,76,586,329,775,41
0,0,0,0,0,0,0,0,0,0,0,0,962,361,643,823,696,370,89,850,313,305,350,782,213,384,389,141,199,873
0,0,0,0,0,0,0,0,0,0,0,0,0,621,324,876,868,856,628,56,512,507,722,832,515,369,20,976,915,903
0,0,0,0,0,0,0,0,0,0,0,0,0,0,871,469,232,742,190,28,864,97,603,665,227,367,492,268,179,960
0,0,0,0,0,0,0,0,0,0,0,0,0,0,0,362,620,281,528,982,843,260,981,9,547,603,985,556,908,211
0,0,0,0,0,0,0,0,0,0,0,0,0,0,0,0,824,780,694,339,150,851,239,429,535,754,201,441,147,454
0,0,0,0,0,0,0,0,0,0,0,0,0,0,0,0,0,617,496,943,218,633,926,982,944,326,962,449,836,646
0,0,0,0,0,0,0,0,0,0,0,0,0,0,0,0,0,0,805,663,821,689,546,256,685,649,925,582,852,730
0,0,0,0,0,0,0,0,0,0,0,0,0,0,0,0,0,0,0,18,412,51,676,455,338,874,287,39,595,540
0,0,0,0,0,0,0,0,0,0,0,0,0,0,0,0,0,0,0,0,898,588,94,474,873,587,439,963,778,463
0,0,0,0,0,0,0,0,0,0,0,0,0,0,0,0,0,0,0,0,0,850,507,808,910,140,941,884,98,409
0,0,0,0,0,0,0,0,0,0,0,0,0,0,0,0,0,0,0,0,0,0,113,221,324,764,694,200,944,796
0,0,0,0,0,0,0,0,0,0,0,0,0,0,0,0,0,0,0,0,0,0,0,110,561,779,854,586,927,457
0,0,0,0,0,0,0,0,0,0,0,0,0,0,0,0,0,0,0,0,0,0,0,0,912,611,687,646,897,326
0,0,0,0,0,0,0,0,0,0,0,0,0,0,0,0,0,0,0,0,0,0,0,0,0,615,83,235,978,462
0,0,0,0,0,0,0,0,0,0,0,0,0,0,0,0,0,0,0,0,0,0,0,0,0,0,92,219,780,858
0,0,0,0,0,0,0,0,0,0,0,0,0,0,0,0,0,0,0,0,0,0,0,0,0,0,0,921,145,245
0,0,0,0,0,0,0,0,0,0,0,0,0,0,0,0,0,0,0,0,0,0,0,0,0,0,0,0,578,477
0,0,0,0,0,0,0,0,0,0,0,0,0,0,0,0,0,0,0,0,0,0,0,0,0,0,0,0,0,556
0,0,0,0,0,0,0,0,0,0,0,0,0,0,0,0,0,0,0,0,0,0,0,0,0,0,0,0,0,0
