Number of physical machine types:
3
Resources for each physical machine type:
128,256
64,256
128,128
Available number for each physical machine type:
51
51
51
Activation cost for each physical machine type:
200
150
150
Number of micro-service types:
30
Required number for each micro-service type:
11
8
5
3
10
11
8
2
4
2
10
8
13
8
2
10
15
10
12
6
11
9
14
12
1
8
15
5
8
8
Resource requirements for each micro-service type:
23,54
21,72
29,72
38,44
27,49
19,29
30,39
36,53
27,36
18,58
20,26
15,40
15,63
14,40
32,68
18,28
36,72
14,46
37,32
25,40
13,33
36,44
27,31
15,39
36,30
27,69
22,46
26,60
37,31
14,74
Total invoking flow matrix:
0,73,851,377,492,411,969,791,801,844,838,507,696,108,475,418,185,367,671,225,704,130,168,896,564,923,484,746,168,454
0,0,863,139,777,74,952,609,346,338,623,343,253,552,988,798,779,441,277,278,52,803,324,695,720,295,625,553,758,196
0,0,0,202,332,408,74,164,627,273,508,685,600,619,576,36,330,479,407,316,657,544,8,953,855,158,283,637,679,351
0,0,0,0,228,600,267,562,705,905,280,98,104,602,237,342,394,229,904,176,98,494,797,217,426,557,8,635,627,671
0,0,0,0,0,782,98,19,300,645,669,239,285,953,365,913,840,675,982,935,777,937,194,309,565,509,495,789,478,323
0,0,0,0,0,0,768,179,3,141,682,696,811,355,329,127,524,778,670,149,4,877,783,652,906,182,708,534,850,513
0,0,0,0,0,0,0,412,404,408,754,103,416,572,279,896,469,38,745,45,605,787,840,362,87,308,781,289,99,960
0,0,0,0,0,0,0,0,333,379,163,846,45,961,315,746,63,637,739,657,923,311,589,147,566,888,354,812,521,756
0,0,0,0,0,0,0,0,0,948,169,548,714,420,251,779,864,348,231,258,171,411,748,357,17,360,1000,638,79,449
0,0,0,0,0,0,0,0,0,0,64,299,214,127,865,65,546,602,922,374,991,921,276,307,553,752,775,575,877,367
0,0,0,0,0,0,0,0,0,0,0,602,893,804,662,377,709,606,680,109,982,556,59,689,686,109,714,610,692,249
0,0,0,0,0,0,0,0,0,0,0,0,798,468,796,85,752,827,179,390,559,247,368,485,458,444,809,77,420,217
0,0,0,0,0,0,0,0,0,0,0,0,0,370,129,817,642,97,719,675,59,844,734,312,208,780,338,490,566,347
0,0,0,0,0,0,0,0,0,0,0,0,0,0,444,721,210,758,502,936,974,387,47,580,277,826,628,273,647,451
0,0,0,0,0,0,0,0,0,0,0,0,0,0,0,387,342,187,963,832,464,676,787,756,299,769,889,624,256,806
0,0,0,0,0,0,0,0,0,0,0,0,0,0,0,0,727,999,337,932,978,710,263,658,474,309,432,314,459,233
0,0,0,0,0,0,0,0,0,0,0,0,0,0,0,0,0,513,859,611,886,922,544,424,531,592,711,411,160,798
0,0,0,0,0,0,0,0,0,0,0,0,0,0,0,0,0,0,266,59,362,978,463,119,408,30,506,695,950,221
0,0,0,0,0,0,0,0,0,0,0,0,0,0,0,0,0,0,0,41,106,732,146,830,696,650,697,262,109,814
0,0,0,0,0,0,0,0,0,0,0,0,0,0,0,0,0,0,0,0,939,983,718,158,770,954,347,366,10,310
0,0,0,0,0,0,0,0,0,0,0,0,0,0,0,0,0,0,0,0,0,847,382,528,292,494,621,289,76,96
0,0,0,0,0,0,0,0,0,0,0,0,0,0,0,0,0,0,0,0,0,0,702,527,581,624,683,24,682,108
0,0,0,0,0,0,0,0,0,0,0,0,0,0,0,0,0,0,0,0,0,0,0,271,161,983,210,308,850,714
0,0,0,0,0,0,0,0,0,0,0,0,0,0,0,0,0,0,0,0,0,0,0,0,121,47,745,657,203,249
0,0,0,0,0,0,0,0,0,0,0,0,0,0,0,0,0,0,0,0,0,0,0,0,0,9,532,898,394,904
0,0,0,0,0,0,0,0,0,0,0,0,0,0,0,0,0,0,0,0,0,0,0,0,0,0,761,754,586,130
0,0,0,0,0,0,0,0,0,0,0,0,0,0,0,0,0,0,0,0,0,0,0,0,0,0,0,246,756,843
0,0,0,0,0,0,0,0,0,0,0,0,0,0,0,0,0,0,0,0,0,0,0,0,0,0,0,0,414,385
0,0,0,0,0,0,0,0,0,0,0,0,0,0,0,0,0,0,0,0,0,0,0,0,0,0,0,0,0,682
0,0,0,0,0,0,0,0,0,0,0,0,0,0,0,0,0,0,0,0,0,0,0,0,0,0,0,0,0,0
