Number of physical machine types:
3
Resources for each physical machine type:
128,256
64,256
128,128
Available number for each physical machine type:
50
50
50
Activation cost for each physical machine type:
200
150
150
Number of micro-service types:
30
Required number for each micro-service type:
15
12
15
12
6
11
7
10
6
1
14
2
10
5
10
5
14
8
2
13
7
3
11
9
12
7
2
3
4
7
Resource requirements for each micro-service type:
19,29
20,69
31,54
32,72
30,28
22,31
16,46
38,28
37,52
33,52
32,26
20,74
22,74
20,44
13,56
30,48
37,75
15,61
31,55
28,54
37,69
24,72
19,51
23,43
37,59
16,51
30,41
20,73
25,31
24,70
Total invoking flow matrix:
0,466,813,943,912,769,396,637,546,654,685,505,148,663,697,613,867,7,898,781,261,174,859,307,386,861,940,306,706,412
0,0,61,206,749,543,30,884,365,839,431,27,560,217,995,628,419,153,868,215,177,385,162,884,68,510,538,781,391,951
0,0,0,652,648,999,364,317,965,724,649,241,994,461,87,154,81,156,635,778,410,99,280,885,393,996,497,141,532,169
0,0,0,0,899,272,796,429,479,273,175,523,968,737,899,316,207,335,823,730,471,533,19,424,99,783,546,395,375,886
0,0,0,0,0,553,18,604,769,720,500,315,934,503,946,35,725,27,643,85,758,806,918,423,680,613,75,424,889,850
0,0,0,0,0,0,35,80,515,794,49,27,248,315,548,255,179,792,133,592,724,957,486,250,492,612,325,823,182,306
0,0,0,0,0,0,0,243,595,359,104,819,144,222,648,624,81,793,417,897,564,923,631,770,967,340,527,930,466,875
0,0,0,0,0,0,0,0,197,554,850,924,792,200,294,152,611,306,538,156,612,453,893,70,66,387,573,373,953,221
0,0,0,0,0,0,0,0,0,956,526,567,589,722,731,731,61,214,859,267,533,349,546,848,797,201,428,693,187,751
0,0,0,0,0,0,0,0,0,0,861,146,160,558,216,577,49,79,978,654,828,416,505,742,454,308,741,711,395,624
0,0,0,0,0,0,0,0,0,0,0,465,485,227,762,738,688,631,890,77,775,281,27,205,185,716,301,290,938,538
0,0,0,0,0,0,0,0,0,0,0,0,687,982,118,801,530,866,3,644,281,409,917,685,579,892,126,57,148,930
0,0,0,0,0,0,0,0,0,0,0,0,0,112,71,283,663,429,247,502,866,97,847,682,336,354,80,95,513,418
0,0,0,0,0,0,0,0,0,0,0,0,0,0,899,436,647,152,85,824,952,943,656,289,479,280,662,65,246,489
0,0,0,0,0,0,0,0,0,0,0,0,0,0,0,409,784,597,162,294,201,889,648,583,246,965,325,795,904,838
0,0,0,0,0,0,0,0,0,0,0,0,0,0,0,0,804,834,592,560,356,949,313,532,594,698,440,945,78,316
0,0,0,0,0,0,0,0,0,0,0,0,0,0,0,0,0,457,958,809,703,576,971,210,934,712,951,569,254,824
0,0,0,0,0,0,0,0,0,0,0,0,0,0,0,0,0,0,813,943,266,879,90,147,542,883,430,615,553,390
0,0,0,0,0,0,0,0,0,0,0,0,0,0,0,0,0,0,0,556,920,655,478,137,566,380,49,685,271,97
0,0,0,0,0,0,0,0,0,0,0,0,0,0,0,0,0,0,0,0,523,58,246,690,878,809,902,116,192,951
0,0,0,0,0,0,0,0,0,0,0,0,0,0,0,0,0,0,0,0,0,529,732,908,31,697,348,844,29,503
0,0,0,0,0,0,0,0,0,0,0,0,0,0,0,0,0,0,0,0,0,0,489,315,667,848,646,744,997,804
0,0,0,0,0,0,0,0,0,0,0,0,0,0,0,0,0,0,0,0,0,0,0,476,575,416,817,547,40,144
0,0,0,0,0,0,0,0,0,0,0,0,0,0,0,0,0,0,0,0,0,0,0,0,714,623,48,531,215,789
0,0,0,0,0,0,0,0,0,0,0,0,0,0,0,0,0,0,0,0,0,0,0,0,0,293,477,437,94,507
0,0,0,0,0,0,0,0,0,0,0,0,0,0,0,0,0,0,0,0,0,0,0,0,0,0,863,335,676,379
0,0,0,0,0,0,0,0,0,0,0,0,0,0,0,0,0,0,0,0,0,0,0,0,0,0,0,869,520,469
0,0,0,0,0,0,0,0,0,0,0,0,0,0,0,0,0,0,0,0,0,0,0,0,0,0,0,0,168,923
0,0,0,0,0,0,0,0,0,0,0,0,0,0,0,0,0,0,0,0,0,0,0,0,0,0,0,0,0,487
0,0,0,0,0,0,0,0,0,0,0,0,0,0,0,0,0,0,0,0,0,0,0,0,0,0,0,0,0,0
