Number of physical machine types:
3
Resources for each physical machine type:
128,256
64,256
128,128
Available number for each physical machine type:
46
46
46
Activation cost for each physical machine type:
200
150
150
Number of micro-service types:
30
Required number for each micro-service type:
11
6
7
11
11
5
11
4
9
13
11
3
10
3
2
11
6
8
8
7
1
1
14
12
6
10
4
13
3
3
Resource requirements for each micro-service type:
14,52
20,64
28,71
26,35
27,59
24,30
27,40
19,32
36,54
14,61
34,53
34,70
21,53
18,36
22,36
28,67
37,76
27,69
29,35
15,51
21,65
18,40
16,68
37,65
17,35
26,34
19,36
26,73
29,44
22,33
Total invoking flow matrix:
0,540,361,853,970,686,481,792,537,409,369,732,807,84,697,169,441,929,258,391,235,294,569,660,661,916,434,495,753,443
0,0,517,338,841,673,161,154,82,704,353,30,708,120,115,60,741,593,47,275,998,172,495,652,301,19,814,9,139,917
0,0,0,816,851,39,211,335,313,170,498,238,475,479,234,148,629,537,550,636,673,499,301,678,756,126,682,204,13,778
0,0,0,0,529,599,599,976,564,783,338,211,472,508,614,608,813,692,740,838,0,906,881,683,606,705,632,517,741,372
0,0,0,0,0,797,108,663,276,794,825,251,571,125,237,499,827,627,416,485,742,433,952,435,145,763,591,825,901,918
0,0,0,0,0,0,641,767,120,368,127,487,357,684,219,296,788,300,676,870,861,807,378,322,151,671,380,705,368,85
0,0,0,0,0,0,0,840,104,448,80,716,907,939,919,897,80,761,544,583,905,627,343,972,954,252,301,858,0,268
0,0,0,0,0,0,0,0,414,580,796,473,410,33,511,326,285,712,226,446,5,661,229,300,971,824,16,952,859,895
0,0,0,0,0,0,0,0,0,91,252,820,425,366,674,998,40,25,957,439,675,308,598,631,309,62,952,606,294,15
0,0,0,0,0,0,0,0,0,0,522,75,431,675,701,577,871,126,965,183,148,972,702,118,300,134,655,378,347,196
0,0,0,0,0,0,0,0,0,0,0,808,36,63,71,68,919,774,543,617,120,586,917,43,946,926,376,85,564,601
0,0,0,0,0,0,0,0,0,0,0,0,510,261,239,709,28,260,244,106,615,518,753,31,351,622,607,148,242,985
0,0,0,0,0,0,0,0,0,0,0,0,0,559,538,857,313,422,799,182,333,531,362,957,372,151,343,88,398,367
0,0,0,0,0,0,0,0,0,0,0,0,0,0,292,789,12,478,102,408,690,755,710,492,254,873,234,565,654,252
0,0,0,0,0,0,0,0,0,0,0,0,0,0,0,347,850,465,680,423,876,894,426,302,244,844,288,277,7,609
0,0,0,0,0,0,0,0,0,0,0,0,0,0,0,0,781,670,420,997,97,567,278,682,496,827,99,592,379,141
0,0,0,0,0,0,0,0,0,0,0,0,0,0,0,0,0,491,208,270,67,238,933,304,750,539,827,858,521,515
0,0,0,0,0,0,0,0,0,0,0,0,0,0,0,0,0,0,968,396,659,253,233,273,415,432,529,368,105,32
0,0,0,0,0,0,0,0,0,0,0,0,0,0,0,0,0,0,0,484,864,559,964,836,329,933,296,394,659,989
0,0,0,0,0,0,0,0,0,0,0,0,0,0,0,0,0,0,0,0,62,708,673,280,187,895,424,525,365,47
0,0,0,0,0,0,0,0,0,0,0,0,0,0,0,0,0,0,0,0,0,612,52,62,843,82,772,404,701,611
0,0,0,0,0,0,0,0,0,0,0,0,0,0,0,0,0,0,0,0,0,0,254,178,346,872,897,222,624,935
0,0,0,0,0,0,0,0,0,0,0,0,0,0,0,0,0,0,0,0,0,0,0,8,517,625,681,216,62,591
0,0,0,0,0,0,0,0,0,0,0,0,0,0,0,0,0,0,0,0,0,0,0,0,612,305,807,63,779,925
0,0,0,0,0,0,0,0,0,0,0,0,0,0,0,0,0,0,0,0,0,0,0,0,0,767,730,427,422,491
0,0,0,0,0,0,0,0,0,0,0,0,0,0,0,0,0,0,0,0,0,0,0,0,0,0,781,774,597,453
0,0,0,0,0,0,0,0,0,0,0,0,0,0,0,0,0,0,0,0,0,0,0,0,0,0,0,444,866,51
0,0,0,0,0,0,0,0,0,0,0,0,0,0,0,0,0,0,0,0,0,0,0,0,0,0,0,0,536,794
0,0,0,0,0,0,0,0,0,0,0,0,0,0,0,0,0,0,0,0,0,0,0,0,0,0,0,0,0,229
0,0,0,0,0,0,0,0,0,0,0,0,0,0,0,0,0,0,0,0,0,0,0,0,0,0,0,0,0,0
