Number of physical machine types:
3
Resources for each physical machine type:
128,256
64,256
128,128
Available number for each physical machine type:
51
51
51
Activation cost for each physical machine type:
200
150
150
Number of micro-service types:
30
Required number for each micro-service type:
3
11
13
5
13
10
11
6
15
7
1
7
6
10
8
5
2
9
6
9
13
11
13
9
11
9
14
6
3
2
Resource requirements for each micro-service type:
28,68
38,74
31,26
15,52
24,68
31,63
35,69
23,51
16,48
21,50
21,74
30,44
38,65
16,68
15,71
28,60
31,60
27,54
33,38
33,33
34,69
14,41
34,31
20,66
37,68
18,39
18,75
25,27
21,32
18,36
Total invoking flow matrix:
0,966,455,196,715,313,9,375,142,247,699,696,22,204,463,173,767,416,321,389,924,147,390,818,274,910,826,798,498,431
0,0,112,477,379,150,531,60,926,944,785,907,939,674,350,546,644,567,97,285,881,979,717,939,951,653,95,822,721,512
0,0,0,45,904,207,250,469,132,645,958,586,976,69,702,144,625,111,993,852,889,230,547,905,635,10,875,601,5,892
0,0,0,0,202,860,476,675,365,658,214,448,667,317,895,551,627,81,116,245,933,507,448,961,475,428,105,664,849,49
0,0,0,0,0,142,224,875,744,334,323,801,810,235,553,411,150,415,141,977,331,162,682,144,658,660,559,83,626,44
0,0,0,0,0,0,14,1,943,352,456,151,542,565,280,335,417,820,196,743,952,923,216,148,898,424,313,484,541,573
0,0,0,0,0,0,0,497,354,612,388,951,143,395,643,793,820,11,694,942,214,770,499,100,976,160,365,38,10,980
0,0,0,0,0,0,0,0,877,866,185,529,831,847,346,918,384,332,146,774,360,533,326,236,315,184,736,129,571,329
0,0,0,0,0,0,0,0,0,198,435,366,534,71,154,547,770,791,903,678,130,656,697,198,881,322,566,267,246,53
0,0,0,0,0,0,0,0,0,0,826,157,968,394,292,897,459,47,688,646,98,743,451,419,202,279,131,743,421,234
0,0,0,0,0,0,0,0,0,0,0,490,736,377,239,771,847,635,532,71,391,557,841,107,983,546,56,548,772,537
0,0,0,0,0,0,0,0,0,0,0,0,366,210,442,13,833,136,462,465,436,787,854,364,962,700,469,9,443,74
0,0,0,0,0,0,0,0,0,0,0,0,0,738,435,801,646,691,757,649,286,735,805,511,437,518,751,803,180,504
0,0,0,0,0,0,0,0,0,0,0,0,0,0,626,324,28,248,580,588,492,505,935,275,365,641,805,133,56,324
0,0,0,0,0,0,0,0,0,0,0,0,0,0,0,372,159,871,823,645,376,251,54,948,92,717,369,266,991,490
0,0,0,0,0,0,0,0,0,0,0,0,0,0,0,0,287,86,808,308,58,508,366,305,183,196,180,955,710,442
0,0,0,0,0,0,0,0,0,0,0,0,0,0,0,0,0,782,41,423,24,890,356,692,204,274,680,938,480,1000
0,0,0,0,0,0,0,0,0,0,0,0,0,0,0,0,0,0,690,990,407,594,853,968,264,702,148,440,813,406
0,0,0,0,0,0,0,0,0,0,0,0,0,0,0,0,0,0,0,321,30,154,723,795,794,670,919,823,719,114
0,0,0,0,0,0,0,0,0,0,0,0,0,0,0,0,0,0,0,0,921,251,837,367,445,831,719,558,449,37
0,0,0,0,0,0,0,0,0,0,0,0,0,0,0,0,0,0,0,0,0,234,322,77,27,175,315,777,849,288
0,0,0,0,0,0,0,0,0,0,0,0,0,0,0,0,0,0,0,0,0,0,13,370,287,269,603,122,781,401
0,0,0,0,0,0,0,0,0,0,0,0,0,0,0,0,0,0,0,0,0,0,0,790,456,879,286,46,476,359
0,0,0,0,0,0,0,0,0,0,0,0,0,0,0,0,0,0,0,0,0,0,0,0,843,383,269,247,75,920
0,0,0,0,0,0,0,0,0,0,0,0,0,0,0,0,0,0,0,0,0,0,0,0,0,500,911,486,99,626
0,0,0,0,0,0,0,0,0,0,0,0,0,0,0,0,0,0,0,0,0,0,0,0,0,0,436,939,116,231
0,0,0,0,0,0,0,0,0,0,0,0,0,0,0,0,0,0,0,0,0,0,0,0,0,0,0,35,952,749
0,0,0,0,0,0,0,0,0,0,0,0,0,0,0,0,0,0,0,0,0,0,0,0,0,0,0,0,620,848
0,0,0,0,0,0,0,0,0,0,0,0,0,0,0,0,0,0,0,0,0,0,0,0,0,0,0,0,0,418
0,0,0,0,0,0,0,0,0,0,0,0,0,0,0,0,0,0,0,0,0,0,0,0,0,0,0,0,0,0
