Number of physical machine types:
3
Resources for each physical machine type:
128,256
64,256
128,128
Available number for each physical machine type:
51
51
51
Activation cost for each physical machine type:
200
150
150
Number of micro-service types:
30
Required number for each micro-service type:
2
6
14
11
2
10
14
11
7
12
13
2
10
6
15
9
7
13
9
9
4
8
12
5
1
3
4
13
8
10
Resource requirements for each micro-service type:
30,55
13,30
28,39
25,34
30,75
19,32
31,36
24,35
24,29
16,30
17,39
26,45
31,72
20,68
32,45
26,38
37,38
35,54
28,44
25,36
21,76
27,53
36,68
15,68
28,29
18,36
22,45
38,42
22,34
27,58
Total invoking flow matrix:
0,369,166,345,719,1,4,460,586,352,851,660,722,774,252,870,905,810,571,230,190,394,287,339,284,92,254,374,872,900
0,0,265,225,19,83,241,877,579,376,544,119,832,406,320,826,634,551,862,909,995,981,420,83,422,693,685,472,591,434
0,0,0,513,331,376,445,344,868,725,943,611,753,447,174,907,746,654,615,880,962,441,472,211,317,662,91,628,113,779
0,0,0,0,877,562,117,730,66,211,438,851,487,608,675,621,569,726,334,826,737,508,901,996,806,650,28,805,354,567
0,0,0,0,0,965,458,230,294,624,851,4,2,706,458,270,787,860,900,55,960,729,621,518,813,352,171,463,781,773
0,0,0,0,0,0,453,742,725,439,577,928,461,306,169,650,248,718,668,724,281,464,417,670,158,742,843,441,327,151
0,0,0,0,0,0,0,631,168,569,323,221,333,912,842,107,334,831,140,263,790,545,516,2,623,626,653,908,36,724
0,0,0,0,0,0,0,0,51,795,27,85,225,998,108,576,587,326,307,725,843,475,209,896,402,618,327,552,170,612
0,0,0,0,0,0,0,0,0,680,789,275,763,389,689,339,253,89,104,523,245,158,325,999,223,214,19,573,243,855
0,0,0,0,0,0,0,0,0,0,152,346,272,426,179,10,288,853,928,497,173,40,319,624,370,764,22,633,274,273
0,0,0,0,0,0,0,0,0,0,0,144,29,541,902,531,52,860,574,403,189,322,173,907,807,181,294,246,712,232
0,0,0,0,0,0,0,0,0,0,0,0,950,467,128,100,448,352,873,106,63,316,496,345,268,417,757,747,101,410
0,0,0,0,0,0,0,0,0,0,0,0,0,269,618,199,912,696,920,207,985,149,392,350,77,879,561,357,944,426
0,0,0,0,0,0,0,0,0,0,0,0,0,0,818,868,268,925,55,127,100,429,798,953,150,609,593,918,795,501
0,0,0,0,0,0,0,0,0,0,0,0,0,0,0,962,99,486,807,676,463,19,512,905,295,140,126,13,350,714
0,0,0,0,0,0,0,0,0,0,0,0,0,0,0,0,517,210,216,90,248,410,97,950,884,428,39,139,817,338
0,0,0,0,0,0,0,0,0,0,0,0,0,0,0,0,0,830,842,429,825,163,40,822,786,335,15,935,75,825
0,0,0,0,0,0,0,0,0,0,0,0,0,0,0,0,0,0,48,565,705,287,15,20,233,7,368,165,85,519
0,0,0,0,0,0,0,0,0,0,0,0,0,0,0,0,0,0,0,326,809,542,584,768,270,808,337,208,72,520
0,0,0,0,0,0,0,0,0,0,0,0,0,0,0,0,0,0,0,0,733,189,977,849,371,421,992,762,267,903
0,0,0,0,0,0,0,0,0,0,0,0,0,0,0,0,0,0,0,0,0,18,597,411,669,342,480,921,641,979
0,0,0,0,0,0,0,0,0,0,0,0,0,0,0,0,0,0,0,0,0,0,467,137,550,604,747,198,485,638
0,0,0,0,0,0,0,0,0,0,0,0,0,0,0,0,0,0,0,0,0,0,0,975,736,975,521,181,934,121
0,0,0,0,0,0,0,0,0,0,0,0,0,0,0,0,0,0,0,0,0,0,0,0,110,825,797,830,298,135
0,0,0,0,0,0,0,0,0,0,0,0,0,0,0,0,0,0,0,0,0,0,0,0,0,741,614,14,830,837
0,0,0,0,0,0,0,0,0,0,0,0,0,0,0,0,0,0,0,0,0,0,0,0,0,0,250,26,956,613
0,0,0,0,0,0,0,0,0,0,0,0,0,0,0,0,0,0,0,0,0,0,0,0,0,0,0,525,791,247
0,0,0,0,0,0,0,0,0,0,0,0,0,0,0,0,0,0,0,0,0,0,0,0,0,0,0,0,618,680
0,0,0,0,0,0,0,0,0,0,0,0,0,0,0,0,0,0,0,0,0,0,0,0,0,0,0,0,0,691
0,0,0,0,0,0,0,0,0,0,0,0,0,0,0,0,0,0,0,0,0,0,0,0,0,0,0,0,0,0
