Number of physical machine types:
3
Resources for each physical machine type:
128,256
64,256
128,128
Available number for each physical machine type:
47
47
47
Activation cost for each physical machine type:
200
150
150
Number of micro-service types:
30
Required number for each micro-service type:
7
7
10
1
13
14
9
3
7
10
11
4
3
15
3
7
13
2
11
6
7
11
6
3
14
8
5
8
2
7
Resource requirements for each micro-service type:
26,60
34,27
38,59
32,76
35,31
28,27
26,77
37,76
15,46
20,61
14,39
32,29
16,30
35,61
18,51
23,26
32,74
37,50
31,33
37,31
22,41
19,27
34,34
27,43
14,42
17,29
16,47
22,45
35,57
33,64
Total invoking flow matrix:
0,823,524,392,647,994,243,364,599,915,546,243,904,549,127,23,165,83,451,552,989,42,639,330,168,550,545,100,607,738
0,0,810,638,984,596,45,515,302,197,722,871,759,736,945,640,75,276,317,652,430,860,508,562,8,453,491,878,587,618
0,0,0,693,919,504,398,236,156,955,92,148,235,974,433,448,921,906,555,426,337,938,929,635,672,929,220,690,664,172
0,0,0,0,289,86,891,175,989,517,21,379,107,412,214,228,193,217,436,255,773,13,469,151,942,121,552,821,73,772
0,0,0,0,0,880,47,8,560,902,58,864,450,197,183,840,196,400,791,264,976,874,732,861,460,842,489,608,566,449
0,0,0,0,0,0,782,7,502,194,924,707,174,424,707,129,931,557,434,649,114,158,558,304,569,985,149,825,472,494
0,0,0,0,0,0,0,883,380,723,292,619,677,72,111,556,360,961,751,2,17,244,787,29,719,826,370,249,577,635
0,0,0,0,0,0,0,0,19,760,854,64,903,933,517,79,985,996,964,391,386,914,279,314,764,536,457,197,128,404
0,0,0,0,0,0,0,0,0,662,525,740,160,288,202,602,739,50,948,699,677,58,909,287,815,330,896,212,243,552
0,0,0,0,0,0,0,0,0,0,208,588,382,185,923,219,202,234,711,376,750,872,356,159,447,258,550,514,96,438
0,0,0,0,0,0,0,0,0,0,0,590,379,154,841,915,961,827,940,455,941,909,991,387,424,993,255,740,179,528
0,0,0,0,0,0,0,0,0,0,0,0,674,542,494,965,765,696,394,255,893,218,162,325,971,117,212,244,410,389
0,0,0,0,0,0,0,0,0,0,0,0,0,993,377,715,355,565,105,358,967,479,928,53,604,343,672,788,118,114
0,0,0,0,0,0,0,0,0,0,0,0,0,0,194,203,348,40,485,386,87,867,375,531,61,252,328,11,628,507
0,0,0,0,0,0,0,0,0,0,0,0,0,0,0,382,775,682,68,520,603,681,827,987,686,776,240,866,48,777
0,0,0,0,0,0,0,0,0,0,0,0,0,0,0,0,793,409,256,771,87,85,222,345,395,279,889,61,367,574
0,0,0,0,0,0,0,0,0,0,0,0,0,0,0,0,0,198,975,353,150,785,470,226,31,934,456,983,518,950
0,0,0,0,0,0,0,0,0,0,0,0,0,0,0,0,0,0,80,46,128,233,178,838,465,880,762,38,968,501
0,0,0,0,0,0,0,0,0,0,0,0,0,0,0,0,0,0,0,485,791,137,279,294,633,264,537,337,118,93
0,0,0,0,0,0,0,0,0,0,0,0,0,0,0,0,0,0,0,0,700,887,263,551,666,669,971,79,999,506
0,0,0,0,0,0,0,0,0,0,0,0,0,0,0,0,0,0,0,0,0,905,64,489,348,256,636,384,490,690
0,0,0,0,0,0,0,0,0,0,0,0,0,0,0,0,0,0,0,0,0,0,267,108,664,745,774,892,300,796
0,0,0,0,0,0,0,0,0,0,0,0,0,0,0,0,0,0,0,0,0,0,0,992,929,64,397,893,71,653
0,0,0,0,0,0,0,0,0,0,0,0,0,0,0,0,0,0,0,0,0,0,0,0,795,112,93,695,513,455
0,0,0,0,0,0,0,0,0,0,0,0,0,0,0,0,0,0,0,0,0,0,0,0,0,207,419,674,385,626
0,0,0,0,0,0,0,0,0,0,0,0,0,0,0,0,0,0,0,0,0,0,0,0,0,0,584,801,786,426
0,0,0,0,0,0,0,0,0,0,0,0,0,0,0,0,0,0,0,0,0,0,0,0,0,0,0,25,25,267
0,0,0,0,0,0,0,0,0,0,0,0,0,0,0,0,0,0,0,0,0,0,0,0,0,0,0,0,220,857
0,0,0,0,0,0,0,0,0,0,0,0,0,0,0,0,0,0,0,0,0,0,0,0,0,0,0,0,0,524
0,0,0,0,0,0,0,0,0,0,0,0,0,0,0,0,0,0,0,0,0,0,0,0,0,0,0,0,0,0
