Number of physical machine types:
3
Resources for each physical machine type:
128,256
64,256
128,128
Available number for each physical machine type:
37
37
37
Activation cost for each physical machine type:
200
150
150
Number of micro-service types:
30
Required number for each micro-service type:
1
15
7
2
8
2
4
3
9
14
10
2
2
6
2
6
9
14
4
2
7
7
5
7
3
5
7
9
3
4
Resource requirements for each micro-service type:
36,71
13,27
16,60
31,69
17,58
32,74
33,27
25,41
23,49
24,76
37,38
36,52
14,52
23,71
25,73
38,33
28,47
27,27
19,44
36,40
16,49
38,62
21,32
24,52
27,32
16,72
23,61
33,38
17,56
27,70
Total invoking flow matrix:
0,821,98,408,774,676,70,474,907,840,383,459,850,183,910,419,616,453,117,158,331,512,109,926,452,274,637,88,661,879
0,0,442,297,33,673,939,144,72,876,222,470,189,608,963,130,848,636,411,884,408,745,261,840,948,591,573,760,68,619
0,0,0,696,621,215,972,929,44,774,789,565,982,644,941,324,286,198,78,552,803,519,771,441,748,838,847,931,279,809
0,0,0,0,954,640,203,948,361,770,497,560,973,772,360,721,450,991,920,927,680,65,541,897,236,647,620,615,614,406
0,0,0,0,0,784,187,337,810,663,578,471,835,125,852,176,476,718,960,717,353,244,173,737,260,56,558,961,784,765
0,0,0,0,0,0,121,274,86,688,368,593,636,218,329,419,380,56,480,716,362,453,513,587,426,886,307,287,224,654
0,0,0,0,0,0,0,686,461,532,30,782,333,838,240,330,314,19,997,67,716,735,767,151,434,188,838,581,978,792
0,0,0,0,0,0,0,0,801,149,281,538,646,339,814,789,169,623,750,933,205,508,86,323,269,431,913,798,824,300
0,0,0,0,0,0,0,0,0,57,334,699,277,226,685,636,214,278,624,518,239,107,538,284,30,705,798,306,316,148
0,0,0,0,0,0,0,0,0,0,988,24,462,804,234,692,606,214,824,769,860,982,135,422,427,395,834,126,646,606
0,0,0,0,0,0,0,0,0,0,0,434,369,67,869,318,284,687,427,874,948,127,962,909,223,685,469,322,753,716
0,0,0,0,0,0,0,0,0,0,0,0,745,562,364,555,977,429,222,412,691,56,892,719,778,536,806,394,596,690
0,0,0,0,0,0,0,0,0,0,0,0,0,806,686,604,620,188,481,21,20,887,955,772,126,637,420,432,885,817
0,0,0,0,0,0,0,0,0,0,0,0,0,0,899,102,147,235,546,579,217,64,54,823,930,883,93,288,740,473
0,0,0,0,0,0,0,0,0,0,0,0,0,0,0,833,622,697,818,397,713,242,683,464,386,579,299,142,339,19
0,0,0,0,0,0,0,0,0,0,0,0,0,0,0,0,142,354,892,612,738,126,25,953,422,631,26,599,60,418
0,0,0,0,0,0,0,0,0,0,0,0,0,0,0,0,0,371,793,571,114,745,282,858,961,568,964,818,141,397
0,0,0,0,0,0,0,0,0,0,0,0,0,0,0,0,0,0,72,637,778,528,512,961,487,159,976,61,288,702
0,0,0,0,0,0,0,0,0,0,0,0,0,0,0,0,0,0,0,989,103,655,508,360,82,458,737,548,362,949
0,0,0,0,0,0,0,0,0,0,0,0,0,0,0,0,0,0,0,0,423,419,10,223,513,39,474,30,977,830
0,0,0,0,0,0,0,0,0,0,0,0,0,0,0,0,0,0,0,0,0,233,868,627,522,185,939,358,569,362
0,0,0,0,0,0,0,0,0,0,0,0,0,0,0,0,0,0,0,0,0,0,90,590,764,799,160,25,452,216
0,0,0,0,0,0,0,0,0,0,0,0,0,0,0,0,0,0,0,0,0,0,0,610,454,123,408,775,33,247
0,0,0,0,0,0,0,0,0,0,0,0,0,0,0,0,0,0,0,0,0,0,0,0,276,562,404,462,557,577
0,0,0,0,0,0,0,0,0,0,0,0,0,0,0,0,0,0,0,0,0,0,0,0,0,718,407,193,913,602
0,0,0,0,0,0,0,0,0,0,0,0,0,0,0,0,0,0,0,0,0,0,0,0,0,0,496,157,792,562
0,0,0,0,0,0,0,0,0,0,0,0,0,0,0,0,0,0,0,0,0,0,0,0,0,0,0,781,303,481
0,0,0,0,0,0,0,0,0,0,0,0,0,0,0,0,0,0,0,0,0,0,0,0,0,0,0,0,348,119
0,0,0,0,0,0,0,0,0,0,0,0,0,0,0,0,0,0,0,0,0,0,0,0,0,0,0,0,0,691
0,0,0,0,0,0,0,0,0,0,0,0,0,0,0,0,0,0,0,0,0,0,0,0,0,0,0,0,0,0
