Number of physical machine types:
3
Resources for each physical machine type:
128,256
64,256
128,128
Available number for each physical machine type:
54
54
54
Activation cost for each physical machine type:
200
150
150
Number of micro-service types:
30
Required number for each micro-service type:
10
3
6
11
12
6
4
13
15
12
3
12
8
5
8
4
6
3
15
14
7
12
10
3
13
12
15
1
11
8
Resource requirements for each micro-service type:
35,34
34,65
22,71
16,26
18,59
31,52
26,39
28,58
26,48
29,62
27,33
38,40
32,33
14,62
20,55
36,70
30,28
29,50
33,28
33,54
22,32
29,38
29,32
24,34
31,41
29,63
15,41
32,77
16,72
27,27
Total invoking flow matrix:
0,66,673,435,58,33,198,863,950,124,487,877,551,853,723,792,168,542,662,503,885,648,443,323,900,869,201,209,821,584
0,0,995,530,847,620,757,312,832,555,58,2,971,9,713,322,789,812,68,36,842,586,506,591,341,463,244,12,801,161
0,0,0,585,693,479,601,155,464,617,565,367,283,859,577,955,818,290,669,442,638,139,495,474,752,39,800,330,34,92
0,0,0,0,427,475,249,42,591,47,828,966,205,683,498,937,113,169,235,793,475,629,371,992,448,305,409,584,54,867
0,0,0,0,0,806,281,659,813,71,726,630,786,658,282,312,329,731,233,858,443,127,919,641,304,834,510,293,137,107
0,0,0,0,0,0,758,288,997,816,997,948,892,258,5,176,481,927,474,962,153,161,946,141,731,818,728,334,911,456
0,0,0,0,0,0,0,831,27,661,615,776,819,196,613,421,542,17,864,699,794,520,697,495,266,797,519,304,393,524
0,0,0,0,0,0,0,0,291,486,310,483,621,163,436,541,745,106,260,209,863,987,830,67,581,332,117,354,460,869
0,0,0,0,0,0,0,0,0,221,284,807,187,640,619,92,246,349,12,55,584,551,260,965,769,636,318,364,562,264
0,0,0,0,0,0,0,0,0,0,649,923,782,354,783,806,318,841,103,701,177,750,963,315,194,757,766,23,740,929
0,0,0,0,0,0,0,0,0,0,0,697,537,784,58,704,47,315,149,932,62,771,193,290,699,3,315,819,898,467
0,0,0,0,0,0,0,0,0,0,0,0,666,541,25,486,940,615,965,507,232,962,597,862,863,40,16,930,173,632
0,0,0,0,0,0,0,0,0,0,0,0,0,644,205,963,123,144,920,810,313,934,901,568,353,944,863,571,841,133
0,0,0,0,0,0,0,0,0,0,0,0,0,0,922,828,673,525,641,93,940,746,962,562,576,884,519,900,399,436
0,0,0,0,0,0,0,0,0,0,0,0,0,0,0,171,480,600,111,336,4,677,491,11,133,616,572,7,170,743
0,0,0,0,0,0,0,0,0,0,0,0,0,0,0,0,878,229,327,241,468,662,628,899,846,25,689,69,675,384
0,0,0,0,0,0,0,0,0,0,0,0,0,0,0,0,0,270,977,96,385,933,281,847,506,105,672,370,287,153
0,0,0,0,0,0,0,0,0,0,0,0,0,0,0,0,0,0,44,478,768,52,920,64,152,632,51,591,809,176
0,0,0,0,0,0,0,0,0,0,0,0,0,0,0,0,0,0,0,66,595,89,82,109,867,745,33,914,841,700
0,0,0,0,0,0,0,0,0,0,0,0,0,0,0,0,0,0,0,0,140,608,481,457,672,428,871,547,781,718
0,0,0,0,0,0,0,0,0,0,0,0,0,0,0,0,0,0,0,0,0,559,492,889,427,372,311,977,679,785
0,0,0,0,0,0,0,0,0,0,0,0,0,0,0,0,0,0,0,0,0,0,387,705,216,369,684,35,117,94
0,0,0,0,0,0,0,0,0,0,0,0,0,0,0,0,0,0,0,0,0,0,0,174,574,284,551,450,665,114
0,0,0,0,0,0,0,0,0,0,0,0,0,0,0,0,0,0,0,0,0,0,0,0,993,346,174,774,766,585
0,0,0,0,0,0,0,0,0,0,0,0,0,0,0,0,0,0,0,0,0,0,0,0,0,536,525,207,24,394
0,0,0,0,0,0,0,0,0,0,0,0,0,0,0,0,0,0,0,0,0,0,0,0,0,0,228,191,999,461
0,0,0,0,0,0,0,0,0,0,0,0,0,0,0,0,0,0,0,0,0,0,0,0,0,0,0,790,538,271
0,0,0,0,0,0,0,0,0,0,0,0,0,0,0,0,0,0,0,0,0,0,0,0,0,0,0,0,355,874
0,0,0,0,0,0,0,0,0,0,0,0,0,0,0,0,0,0,0,0,0,0,0,0,0,0,0,0,0,160
0,0,0,0,0,0,0,0,0,0,0,0,0,0,0,0,0,0,0,0,0,0,0,0,0,0,0,0,0,0
