Number of physical machine types:
3
Resources for each physical machine type:
128,256
64,256
128,128
Available number for each physical machine type:
47
47
47
Activation cost for each physical machine type:
200
150
150
Number of micro-service types:
30
Required number for each micro-service type:
7
1
13
9
13
8
13
7
15
2
2
1
14
14
2
10
10
2
2
13
10
3
9
6
3
2
5
8
12
11
Resource requirements for each micro-service type:
22,47
21,51
30,60
19,46
22,46
35,66
32,69
30,68
23,67
33,54
29,58
24,36
19,38
24,59
29,35
25,45
20,56
18,48
34,59
20,66
19,54
21,34
30,30
22,41
31,40
16,51
35,55
14,30
35,49
34,70
Total invoking flow matrix:
0,492,533,106,135,926,161,887,654,516,366,434,495,80,498,875,554,559,773,231,643,601,51,69,264,914,128,479,663,685
0,0,298,136,775,21,199,768,17,744,303,794,78,937,269,163,981,340,496,262,864,651,632,829,919,634,185,757,699,388
0,0,0,619,784,254,756,9,95,472,639,971,733,486,330,367,779,957,802,968,835,861,254,346,861,767,345,890,214,644
0,0,0,0,701,517,692,967,811,269,731,230,215,511,371,857,609,592,72,145,18,944,605,114,106,928,262,316,437,86
0,0,0,0,0,240,598,772,538,324,442,311,609,977,588,618,312,599,278,618,124,977,397,545,896,295,893,292,887,484
0,0,0,0,0,0,472,965,343,421,496,622,419,798,696,534,400,456,159,6,982,901,459,274,216,508,79,415,748,743
0,0,0,0,0,0,0,11,475,348,242,194,313,357,874,820,298,242,181,959,473,21,342,801,154,414,503,620,909,615
0,0,0,0,0,0,0,0,197,444,821,535,717,987,465,104,588,896,288,447,221,17,654,629,890,995,425,435,187,959
0,0,0,0,0,0,0,0,0,579,624,618,197,181,798,976,381,492,370,630,6,148,95,998,993,369,32,703,831,445
0,0,0,0,0,0,0,0,0,0,762,193,193,90,924,53,732,263,312,154,736,737,542,533,901,831,991,666,891,167
0,0,0,0,0,0,0,0,0,0,0,864,411,802,493,596,541,142,187,379,670,217,837,241,415,874,741,40,774,594
0,0,0,0,0,0,0,0,0,0,0,0,726,519,126,484,119,29,352,335,699,634,613,225,549,179,996,96,443,678
0,0,0,0,0,0,0,0,0,0,0,0,0,479,841,90,828,141,949,846,675,293,417,486,636,176,697,5,591,388
0,0,0,0,0,0,0,0,0,0,0,0,0,0,500,987,385,161,732,581,494,891,185,21,478,944,743,175,784,45
0,0,0,0,0,0,0,0,0,0,0,0,0,0,0,232,583,272,273,662,277,794,981,87,942,874,50,21,751,556
0,0,0,0,0,0,0,0,0,0,0,0,0,0,0,0,427,548,626,910,855,386,297,895,147,312,446,387,725,661
0,0,0,0,0,0,0,0,0,0,0,0,0,0,0,0,0,233,328,157,560,558,580,257,353,734,753,927,671,344
0,0,0,0,0,0,0,0,0,0,0,0,0,0,0,0,0,0,614,982,443,249,3,23,51,79,154,130,430,51
0,0,0,0,0,0,0,0,0,0,0,0,0,0,0,0,0,0,0,647,613,284,464,730,331,479,585,929,812,754
0,0,0,0,0,0,0,0,0,0,0,0,0,0,0,0,0,0,0,0,482,584,661,399,781,979,812,648,457,938
0,0,0,0,0,0,0,0,0,0,0,0,0,0,0,0,0,0,0,0,0,505,440,349,398,222,658,295,200,927
0,0,0,0,0,0,0,0,0,0,0,0,0,0,0,0,0,0,0,0,0,0,218,532,83,889,339,683,892,693
0,0,0,0,0,0,0,0,0,0,0,0,0,0,0,0,0,0,0,0,0,0,0,200,58,177,992,444,984,62
0,0,0,0,0,0,0,0,0,0,0,0,0,0,0,0,0,0,0,0,0,0,0,0,704,280,298,350,894,548
0,0,0,0,0,0,0,0,0,0,0,0,0,0,0,0,0,0,0,0,0,0,0,0,0,879,376,191,899,271
0,0,0,0,0,0,0,0,0,0,0,0,0,0,0,0,0,0,0,0,0,0,0,0,0,0,550,290,644,815
0,0,0,0,0,0,0,0,0,0,0,0,0,0,0,0,0,0,0,0,0,0,0,0,0,0,0,718,221,161
0,0,0,0,0,0,0,0,0,0,0,0,0,0,0,0,0,0,0,0,0,0,0,0,0,0,0,0,603,336
0,0,0,0,0,0,0,0,0,0,0,0,0,0,0,0,0,0,0,0,0,0,0,0,0,0,0,0,0,74
0,0,0,0,0,0,0,0,0,0,0,0,0,0,0,0,0,0,0,0,0,0,0,0,0,0,0,0,0,0
