Number of physical machine types:
3
Resources for each physical machine type:
128,256
64,256
128,128
Available number for each physical machine type:
41
41
41
Activation cost for each physical machine type:
200
150
150
Number of micro-service types:
30
Required number for each micro-service type:
14
1
3
2
11
7
1
13
1
2
6
12
10
2
13
8
5
6
10
13
6
3
1
8
10
5
2
4
12
6
Resource requirements for each micro-service type:
20,33
26,64
31,34
13,39
26,46
20,51
37,32
22,65
24,74
19,76
19,29
20,57
16,64
13,32
30,51
24,53
34,67
26,58
15,60
38,57
24,44
15,54
23,75
18,31
34,58
37,50
15,44
29,37
34,31
21,30
Total invoking flow matrix:
0,931,524,755,139,321,253,312,952,971,548,656,97,768,936,446,286,383,249,575,619,682,705,661,927,748,73,280,133,673
0,0,15,170,753,54,423,381,242,172,762,633,128,221,606,622,739,313,514,529,783,459,735,451,89,76,410,396,195,267
0,0,0,146,81,966,68,352,475,45,450,181,171,374,880,144,115,586,698,395,271,10,704,341,568,466,324,640,175,872
0,0,0,0,417,952,221,550,17,668,923,438,839,840,447,478,443,808,36,424,461,850,356,617,241,263,300,900,669,884
0,0,0,0,0,160,570,973,731,323,976,911,126,169,693,18,675,254,122,223,755,600,254,291,394,450,383,703,982,105
0,0,0,0,0,0,829,483,445,145,319,1,145,145,561,713,305,833,994,460,160,52,986,39,33,479,88,185,844,549
0,0,0,0,0,0,0,966,692,181,779,385,974,665,3,852,209,823,612,462,845,538,191,604,522,219,118,643,410,720
0,0,0,0,0,0,0,0,985,195,771,224,987,657,493,932,68,888,866,919,982,444,661,234,730,969,350,559,805,958
0,0,0,0,0,0,0,0,0,41,251,550,33,423,54,91,380,621,694,793,335,13,316,855,30,567,885,497,294,785
0,0,0,0,0,0,0,0,0,0,651,324,761,843,534,630,630,253,174,10,237,514,151,998,951,681,840,428,387,711
0,0,0,0,0,0,0,0,0,0,0,230,576,74,586,630,960,252,281,554,170,749,872,86,851,210,53,626,20,99
0,0,0,0,0,0,0,0,0,0,0,0,179,474,735,418,62,291,369,818,396,463,159,798,247,363,237,500,960,487
0,0,0,0,0,0,0,0,0,0,0,0,0,276,758,520,371,363,264,957,715,800,382,981,584,134,248,138,922,987
0,0,0,0,0,0,0,0,0,0,0,0,0,0,635,861,941,574,200,523,395,97,44,446,29,331,159,8,601,150
0,0,0,0,0,0,0,0,0,0,0,0,0,0,0,752,581,338,421,843,709,367,774,570,915,331,235,897,565,492
0,0,0,0,0,0,0,0,0,0,0,0,0,0,0,0,711,934,667,433,984,137,283,235,547,754,242,644,244,480
0,0,0,0,0,0,0,0,0,0,0,0,0,0,0,0,0,66,534,351,420,239,207,286,34,690,193,781,809,599
0,0,0,0,0,0,0,0,0,0,0,0,0,0,0,0,0,0,901,579,880,955,89,617,71,998,834,196,565,420
0,0,0,0,0,0,0,0,0,0,0,0,0,0,0,0,0,0,0,560,215,717,741,415,972,882,91,553,619,620
0,0,0,0,0,0,0,0,0,0,0,0,0,0,0,0,0,0,0,0,405,269,885,84,12,445,285,170,918,589
0,0,0,0,0,0,0,0,0,0,0,0,0,0,0,0,0,0,0,0,0,134,232,658,590,95,436,342,169,570
0,0,0,0,0,0,0,0,0,0,0,0,0,0,0,0,0,0,0,0,0,0,108,705,705,824,68,714,597,98
0,0,0,0,0,0,0,0,0,0,0,0,0,0,0,0,0,0,0,0,0,0,0,456,311,654,867,971,123,405
0,0,0,0,0,0,0,0,0,0,0,0,0,0,0,0,0,0,0,0,0,0,0,0,166,123,10,837,982,344
0,0,0,0,0,0,0,0,0,0,0,0,0,0,0,0,0,0,0,0,0,0,0,0,0,43,80,198,189,866
0,0,0,0,0,0,0,0,0,0,0,0,0,0,0,0,0,0,0,0,0,0,0,0,0,0,668,379,542,127
0,0,0,0,0,0,0,0,0,0,0,0,0,0,0,0,0,0,0,0,0,0,0,0,0,0,0,849,117,250
0,0,0,0,0,0,0,0,0,0,0,0,0,0,0,0,0,0,0,0,0,0,0,0,0,0,0,0,624,495
0,0,0,0,0,0,0,0,0,0,0,0,0,0,0,0,0,0,0,0,0,0,0,0,0,0,0,0,0,348
0,0,0,0,0,0,0,0,0,0,0,0,0,0,0,0,0,0,0,0,0,0,0,0,0,0,0,0,0,0
