Number of physical machine types:
3
Resources for each physical machine type:
128,256
64,256
128,128
Available number for each physical machine type:
53
53
53
Activation cost for each physical machine type:
200
150
150
Number of micro-service types:
30
Required number for each micro-service type:
11
12
8
6
12
2
8
11
6
14
14
10
1
4
3
8
10
11
11
7
3
10
7
14
9
6
5
14
7
14
Resource requirements for each micro-service type:
24,61
17,40
25,70
30,40
38,26
25,34
23,75
24,44
22,65
26,56
19,49
35,61
36,30
19,74
36,62
13,37
19,39
18,48
17,57
35,27
23,56
30,57
31,29
23,31
20,56
32,42
27,38
14,61
29,56
34,67
Total invoking flow matrix:
0,793,701,232,831,720,41,572,751,249,289,282,810,266,843,727,637,105,4,574,878,135,904,176,448,914,275,638,56,31
0,0,710,577,50,242,542,893,374,241,71,869,808,423,715,766,196,57,881,139,126,970,849,219,710,659,110,23,944,860
0,0,0,63,121,49,659,999,257,137,97,210,245,805,532,882,762,375,814,519,921,913,699,901,925,960,222,529,481,325
0,0,0,0,138,267,121,250,527,621,166,861,212,997,565,227,726,169,999,150,965,186,24,642,406,51,366,918,169,956
0,0,0,0,0,664,878,160,173,501,409,476,769,692,199,905,427,464,884,44,825,28,605,296,349,489,379,285,319,656
0,0,0,0,0,0,824,910,94,272,826,779,309,835,850,829,834,695,810,436,881,170,742,782,833,267,6,69,43,151
0,0,0,0,0,0,0,737,659,277,171,997,357,926,917,406,191,968,158,308,275,757,707,627,409,256,571,758,837,816
0,0,0,0,0,0,0,0,84,139,423,808,773,85,964,445,876,261,204,420,60,637,576,590,892,878,181,406,751,543
0,0,0,0,0,0,0,0,0,939,350,376,777,167,626,90,649,190,336,421,959,687,573,606,861,540,253,930,78,836
0,0,0,0,0,0,0,0,0,0,798,441,803,788,666,112,728,622,984,667,90,814,963,811,950,211,930,63,193,742
0,0,0,0,0,0,0,0,0,0,0,470,713,97,287,901,553,160,345,23,547,459,960,842,336,518,794,757,483,615
0,0,0,0,0,0,0,0,0,0,0,0,62,871,113,428,316,421,737,874,594,138,132,335,400,153,402,356,271,698
0,0,0,0,0,0,0,0,0,0,0,0,0,556,554,665,821,97,966,766,629,380,441,98,80,61,350,118,937,111
0,0,0,0,0,0,0,0,0,0,0,0,0,0,653,513,408,911,389,709,508,98,858,293,335,38,553,575,979,603
0,0,0,0,0,0,0,0,0,0,0,0,0,0,0,603,511,452,724,679,87,436,625,487,144,835,282,359,11,421
0,0,0,0,0,0,0,0,0,0,0,0,0,0,0,0,157,405,133,516,580,744,787,155,960,544,163,539,402,173
0,0,0,0,0,0,0,0,0,0,0,0,0,0,0,0,0,539,165,35,92,236,407,983,944,427,417,317,13,332
0,0,0,0,0,0,0,0,0,0,0,0,0,0,0,0,0,0,300,905,966,4,133,656,620,769,113,41,176,507
0,0,0,0,0,0,0,0,0,0,0,0,0,0,0,0,0,0,0,648,686,607,624,987,365,953,462,174,583,963
0,0,0,0,0,0,0,0,0,0,0,0,0,0,0,0,0,0,0,0,93,836,301,350,663,766,553,891,822,873
0,0,0,0,0,0,0,0,0,0,0,0,0,0,0,0,0,0,0,0,0,296,510,637,880,510,383,291,728,301
0,0,0,0,0,0,0,0,0,0,0,0,0,0,0,0,0,0,0,0,0,0,687,973,164,123,509,866,839,323
0,0,0,0,0,0,0,0,0,0,0,0,0,0,0,0,0,0,0,0,0,0,0,377,147,835,889,407,287,288
0,0,0,0,0,0,0,0,0,0,0,0,0,0,0,0,0,0,0,0,0,0,0,0,236,595,893,591,321,253
0,0,0,0,0,0,0,0,0,0,0,0,0,0,0,0,0,0,0,0,0,0,0,0,0,274,965,694,920,384
0,0,0,0,0,0,0,0,0,0,0,0,0,0,0,0,0,0,0,0,0,0,0,0,0,0,674,674,110,421
0,0,0,0,0,0,0,0,0,0,0,0,0,0,0,0,0,0,0,0,0,0,0,0,0,0,0,626,481,625
0,0,0,0,0,0,0,0,0,0,0,0,0,0,0,0,0,0,0,0,0,0,0,0,0,0,0,0,466,878
0,0,0,0,0,0,0,0,0,0,0,0,0,0,0,0,0,0,0,0,0,0,0,0,0,0,0,0,0,516
0,0,0,0,0,0,0,0,0,0,0,0,0,0,0,0,0,0,0,0,0,0,0,0,0,0,0,0,0,0
