Number of physical machine types:
3
Resources for each physical machine type:
128,256
64,256
128,128
Available number for each physical machine type:
50
50
50
Activation cost for each physical machine type:
200
150
150
Number of micro-service types:
30
Required number for each micro-service type:
8
8
7
10
9
10
12
10
9
11
7
12
6
4
4
11
7
7
11
7
6
10
4
2
15
8
1
12
3
12
Resource requirements for each micro-service type:
37,61
35,51
18,47
37,69
32,58
32,70
19,71
15,73
35,31
24,63
18,52
31,43
38,56
29,60
27,54
35,60
30,53
32,40
27,39
13,38
17,48
29,67
34,67
36,74
13,34
38,48
19,43
31,69
14,71
14,67
Total invoking flow matrix:
0,846,184,871,294,167,743,883,563,613,717,407,901,888,929,703,605,346,454,10,894,150,738,949,813,611,113,427,25,102
0,0,674,431,787,627,672,550,200,954,907,66,881,90,821,460,812,415,250,426,234,162,878,914,833,940,965,18,584,495
0,0,0,583,265,332,762,94,469,714,836,683,827,669,626,307,275,949,528,47,614,776,855,137,62,823,300,383,356,253
0,0,0,0,562,147,799,941,97,253,546,0,579,416,832,207,296,322,665,111,173,903,182,977,539,245,230,128,111,47
0,0,0,0,0,457,741,223,636,116,801,680,145,732,103,469,472,597,12,552,451,387,83,471,724,57,250,232,673,633
0,0,0,0,0,0,782,285,726,90,472,204,553,444,923,813,934,219,546,494,307,125,736,462,561,235,883,432,686,402
0,0,0,0,0,0,0,805,121,190,296,919,751,842,171,939,610,68,391,861,364,102,557,123,493,519,989,938,21,109
0,0,0,0,0,0,0,0,946,120,3,357,443,925,15,453,981,351,475,337,503,898,218,804,883,766,721,200,135,758
0,0,0,0,0,0,0,0,0,844,926,541,612,815,363,830,752,925,144,713,740,962,654,31,871,435,687,886,611,923
0,0,0,0,0,0,0,0,0,0,508,355,155,172,735,792,960,106,644,948,866,250,1,308,403,530,849,965,274,381
0,0,0,0,0,0,0,0,0,0,0,961,969,144,724,289,183,807,824,721,482,0,301,813,328,503,6,67,677,832
0,0,0,0,0,0,0,0,0,0,0,0,115,152,187,957,894,555,980,593,884,556,732,154,554,151,498,855,243,956
0,0,0,0,0,0,0,0,0,0,0,0,0,563,484,681,26,307,108,926,53,837,695,320,315,868,191,609,719,7
0,0,0,0,0,0,0,0,0,0,0,0,0,0,640,470,634,169,119,37,730,102,609,317,697,69,901,823,625,713
0,0,0,0,0,0,0,0,0,0,0,0,0,0,0,350,270,664,762,102,255,12,765,378,731,52,449,7,516,478
0,0,0,0,0,0,0,0,0,0,0,0,0,0,0,0,138,747,165,196,639,463,148,392,783,466,667,692,885,505
0,0,0,0,0,0,0,0,0,0,0,0,0,0,0,0,0,205,117,611,565,468,750,827,84,536,381,997,502,53
0,0,0,0,0,0,0,0,0,0,0,0,0,0,0,0,0,0,763,778,52,245,450,452,451,387,63,566,111,864
0,0,0,0,0,0,0,0,0,0,0,0,0,0,0,0,0,0,0,100,979,109,356,995,4,588,294,6,310,5
0,0,0,0,0,0,0,0,0,0,0,0,0,0,0,0,0,0,0,0,633,52,396,266,658,596,74,252,357,235
0,0,0,0,0,0,0,0,0,0,0,0,0,0,0,0,0,0,0,0,0,694,836,334,643,704,816,233,658,96
0,0,0,0,0,0,0,0,0,0,0,0,0,0,0,0,0,0,0,0,0,0,660,651,506,116,18,23,50,89
0,0,0,0,0,0,0,0,0,0,0,0,0,0,0,0,0,0,0,0,0,0,0,81,671,789,36,26,564,316
0,0,0,0,0,0,0,0,0,0,0,0,0,0,0,0,0,0,0,0,0,0,0,0,174,320,567,410,797,274
0,0,0,0,0,0,0,0,0,0,0,0,0,0,0,0,0,0,0,0,0,0,0,0,0,392,670,71,755,673
0,0,0,0,0,0,0,0,0,0,0,0,0,0,0,0,0,0,0,0,0,0,0,0,0,0,682,635,673,795
0,0,0,0,0,0,0,0,0,0,0,0,0,0,0,0,0,0,0,0,0,0,0,0,0,0,0,30,663,400
0,0,0,0,0,0,0,0,0,0,0,0,0,0,0,0,0,0,0,0,0,0,0,0,0,0,0,0,174,163
0,0,0,0,0,0,0,0,0,0,0,0,0,0,0,0,0,0,0,0,0,0,0,0,0,0,0,0,0,903
0,0,0,0,0,0,0,0,0,0,0,0,0,0,0,0,0,0,0,0,0,0,0,0,0,0,0,0,0,0
