Number of physical machine types:
3
Resources for each physical machine type:
128,256
64,256
128,128
Available number for each physical machine type:
55
55
55
Activation cost for each physical machine type:
200
150
150
Number of micro-service types:
30
Required number for each micro-service type:
11
10
3
11
10
13
2
2
8
14
10
11
2
10
8
7
7
9
14
9
5
6
14
10
13
9
9
11
6
12
Resource requirements for each micro-service type:
22,49
29,74
19,65
22,74
27,66
25,58
27,51
19,55
15,52
31,32
30,44
23,76
13,59
20,55
15,75
19,34
38,37
30,52
36,34
14,42
24,41
30,48
31,73
19,58
20,73
20,42
33,49
34,70
38,43
15,50
Total invoking flow matrix:
0,91,996,132,849,636,90,448,936,273,25,866,710,673,546,991,164,580,154,707,993,357,951,11,502,876,987,97,974,368
0,0,523,711,394,429,700,533,103,136,658,883,111,798,597,890,741,383,638,506,471,712,476,129,186,357,178,989,204,687
0,0,0,584,972,512,236,568,786,9,718,349,173,551,246,601,927,552,451,250,117,908,519,302,908,631,342,945,40,862
0,0,0,0,392,657,707,753,67,177,340,115,174,786,379,154,406,377,993,131,546,605,420,790,10,545,199,872,222,161
0,0,0,0,0,518,423,263,287,766,62,316,146,810,172,71,778,598,385,795,758,365,794,653,806,617,370,140,945,41
0,0,0,0,0,0,70,724,53,498,40,294,455,858,958,394,471,693,667,628,618,311,155,653,252,339,683,715,71,109
0,0,0,0,0,0,0,259,446,840,363,293,241,447,678,947,144,334,352,806,835,685,276,673,822,628,300,255,649,998
0,0,0,0,0,0,0,0,865,204,400,765,287,751,369,773,182,807,735,932,82,754,427,880,288,795,740,872,332,284
0,0,0,0,0,0,0,0,0,249,203,949,201,342,390,891,142,836,880,816,826,175,799,758,554,704,800,550,114,458
0,0,0,0,0,0,0,0,0,0,865,809,874,619,959,350,475,785,442,819,844,667,494,386,408,745,460,643,523,887
0,0,0,0,0,0,0,0,0,0,0,837,675,908,352,384,863,571,239,339,216,784,667,137,38,648,18,118,419,470
0,0,0,0,0,0,0,0,0,0,0,0,539,558,450,763,443,490,857,760,425,266,918,442,630,948,407,128,294,228
0,0,0,0,0,0,0,0,0,0,0,0,0,153,0,496,840,311,666,788,541,830,403,475,791,385,677,447,633,758
0,0,0,0,0,0,0,0,0,0,0,0,0,0,168,334,762,158,510,229,148,122,734,470,661,64,302,99,14,734
0,0,0,0,0,0,0,0,0,0,0,0,0,0,0,356,656,524,934,643,416,49,406,673,310,120,349,889,974,451
0,0,0,0,0,0,0,0,0,0,0,0,0,0,0,0,320,437,451,171,700,844,694,561,522,418,53,405,203,380
0,0,0,0,0,0,0,0,0,0,0,0,0,0,0,0,0,466,926,410,992,498,974,498,141,765,693,253,76,239
0,0,0,0,0,0,0,0,0,0,0,0,0,0,0,0,0,0,651,887,228,853,990,967,517,849,396,188,529,142
0,0,0,0,0,0,0,0,0,0,0,0,0,0,0,0,0,0,0,723,558,952,323,714,151,67,63,727,703,711
0,0,0,0,0,0,0,0,0,0,0,0,0,0,0,0,0,0,0,0,688,154,163,818,443,674,204,996,773,436
0,0,0,0,0,0,0,0,0,0,0,0,0,0,0,0,0,0,0,0,0,286,216,42,801,485,150,137,222,110
0,0,0,0,0,0,0,0,0,0,0,0,0,0,0,0,0,0,0,0,0,0,306,978,292,237,257,429,652,14
0,0,0,0,0,0,0,0,0,0,0,0,0,0,0,0,0,0,0,0,0,0,0,599,271,377,890,882,775,873
0,0,0,0,0,0,0,0,0,0,0,0,0,0,0,0,0,0,0,0,0,0,0,0,453,580,510,963,791,740
0,0,0,0,0,0,0,0,0,0,0,0,0,0,0,0,0,0,0,0,0,0,0,0,0,861,260,967,777,966
0,0,0,0,0,0,0,0,0,0,0,0,0,0,0,0,0,0,0,0,0,0,0,0,0,0,683,399,445,855
0,0,0,0,0,0,0,0,0,0,0,0,0,0,0,0,0,0,0,0,0,0,0,0,0,0,0,382,894,433
0,0,0,0,0,0,0,0,0,0,0,0,0,0,0,0,0,0,0,0,0,0,0,0,0,0,0,0,860,267
0,0,0,0,0,0,0,0,0,0,0,0,0,0,0,0,0,0,0,0,0,0,0,0,0,0,0,0,0,649
0,0,0,0,0,0,0,0,0,0,0,0,0,0,0,0,0,0,0,0,0,0,0,0,0,0,0,0,0,0
