Number of physical machine types:
3
Resources for each physical machine type:
128,256
64,256
128,128
Available number for each physical machine type:
52
52
52
Activation cost for each physical machine type:
200
150
150
Number of micro-service types:
30
Required number for each micro-service type:
10
5
7
9
4
5
10
11
9
6
14
6
12
3
14
3
4
9
12
11
10
8
15
12
8
7
7
12
4
5
Resource requirements for each micro-service type:
36,33
15,42
37,74
30,42
21,64
37,39
29,44
36,55
27,60
27,74
26,73
38,45
19,41
27,76
37,65
23,75
29,36
37,58
21,66
34,29
19,55
14,66
35,52
24,46
30,31
19,74
20,58
29,35
26,33
20,35
Total invoking flow matrix:
0,914,517,582,295,536,220,413,379,557,506,255,492,968,533,421,464,804,853,580,337,88,441,411,285,604,893,942,470,880
0,0,357,19,40,698,122,549,561,39,943,717,645,687,360,170,72,782,418,38,941,174,177,235,561,988,728,144,835,633
0,0,0,355,712,882,594,943,193,227,685,943,362,924,604,696,216,570,565,241,166,537,215,748,927,54,607,43,39,350
0,0,0,0,676,133,158,479,878,823,387,711,244,566,610,721,125,233,659,66,577,941,786,765,170,423,501,929,69,330
0,0,0,0,0,167,740,865,579,907,918,937,291,511,567,925,732,181,594,395,321,886,678,480,432,16,723,677,274,667
0,0,0,0,0,0,186,945,124,385,951,925,916,497,647,50,801,650,255,258,122,924,598,139,117,680,828,453,444,467
0,0,0,0,0,0,0,657,604,971,851,871,410,270,394,588,402,92,525,509,146,920,86,494,303,52,708,265,477,871
0,0,0,0,0,0,0,0,516,921,937,582,826,93,785,480,647,554,111,894,354,706,877,540,31,890,610,334,307,276
0,0,0,0,0,0,0,0,0,710,446,1,915,893,655,804,877,645,423,353,947,207,827,253,761,560,688,454,790,84
0,0,0,0,0,0,0,0,0,0,175,846,941,545,351,726,707,312,96,287,168,490,274,16,879,620,93,10,951,336
0,0,0,0,0,0,0,0,0,0,0,772,30,852,556,617,734,713,766,219,28,239,425,39,424,222,394,908,337,101
0,0,0,0,0,0,0,0,0,0,0,0,284,86,119,705,924,850,238,205,329,156,203,245,914,217,351,699,579,598
0,0,0,0,0,0,0,0,0,0,0,0,0,327,820,694,493,1,566,622,740,542,859,335,685,477,294,476,16,149
0,0,0,0,0,0,0,0,0,0,0,0,0,0,694,409,357,47,622,818,278,130,968,54,141,78,226,857,476,459
0,0,0,0,0,0,0,0,0,0,0,0,0,0,0,505,724,972,951,904,88,660,14,217,458,430,27,825,461,316
0,0,0,0,0,0,0,0,0,0,0,0,0,0,0,0,3,334,754,184,863,480,316,783,354,475,172,84,666,947
0,0,0,0,0,0,0,0,0,0,0,0,0,0,0,0,0,102,694,179,685,306,937,675,326,163,865,746,78,427
0,0,0,0,0,0,0,0,0,0,0,0,0,0,0,0,0,0,359,604,771,452,713,769,93,816,603,481,932,927
0,0,0,0,0,0,0,0,0,0,0,0,0,0,0,0,0,0,0,14,408,546,707,840,789,646,961,239,778,406
0,0,0,0,0,0,0,0,0,0,0,0,0,0,0,0,0,0,0,0,589,989,487,918,246,319,691,25,17,122
0,0,0,0,0,0,0,0,0,0,0,0,0,0,0,0,0,0,0,0,0,81,21,885,638,266,595,156,886,218
0,0,0,0,0,0,0,0,0,0,0,0,0,0,0,0,0,0,0,0,0,0,984,585,725,160,0,354,871,830
0,0,0,0,0,0,0,0,0,0,0,0,0,0,0,0,0,0,0,0,0,0,0,837,106,762,214,181,647,229
0,0,0,0,0,0,0,0,0,0,0,0,0,0,0,0,0,0,0,0,0,0,0,0,725,709,406,777,55,471
0,0,0,0,0,0,0,0,0,0,0,0,0,0,0,0,0,0,0,0,0,0,0,0,0,265,319,491,706,929
0,0,0,0,0,0,0,0,0,0,0,0,0,0,0,0,0,0,0,0,0,0,0,0,0,0,521,275,617,722
0,0,0,0,0,0,0,0,0,0,0,0,0,0,0,0,0,0,0,0,0,0,0,0,0,0,0,88,826,586
0,0,0,0,0,0,0,0,0,0,0,0,0,0,0,0,0,0,0,0,0,0,0,0,0,0,0,0,598,855
0,0,0,0,0,0,0,0,0,0,0,0,0,0,0,0,0,0,0,0,0,0,0,0,0,0,0,0,0,352
0,0,0,0,0,0,0,0,0,0,0,0,0,0,0,0,0,0,0,0,0,0,0,0,0,0,0,0,0,0
