Number of physical machine types:
3
Resources for each physical machine type:
128,256
64,256
128,128
Available number for each physical machine type:
56
56
56
Activation cost for each physical machine type:
200
150
150
Number of micro-service types:
30
Required number for each micro-service type:
4
6
7
7
9
11
11
15
12
13
14
14
2
4
14
10
6
9
4
11
7
12
11
8
7
4
12
9
5
14
Resource requirements for each micro-service type:
19,61
35,46
35,58
31,31
16,75
25,35
24,36
34,28
34,54
30,36
37,28
34,57
31,45
19,44
34,30
36,51
21,62
34,70
17,49
14,47
21,46
21,56
30,50
25,34
21,29
24,71
31,47
24,50
17,45
33,60
Total invoking flow matrix:
0,245,609,676,123,15,70,952,855,521,225,312,624,146,331,892,553,2,134,954,62,131,677,840,29,685,459,58,348,346
0,0,785,444,894,805,93,312,152,915,629,587,587,671,84,620,985,283,39,544,410,37,840,254,577,821,697,202,195,390
0,0,0,181,762,221,167,530,152,13,598,214,185,140,996,354,650,560,358,469,284,35,74,833,426,275,811,342,691,334
0,0,0,0,797,948,928,945,474,856,171,46,582,295,573,163,41,200,463,586,26,750,963,121,573,397,438,850,493,146
0,0,0,0,0,564,525,365,785,700,854,856,977,868,755,336,108,933,724,73,900,736,976,764,514,413,786,29,294,335
0,0,0,0,0,0,448,480,496,676,771,386,988,211,3,263,493,101,605,717,29,341,815,43,831,465,510,953,554,413
0,0,0,0,0,0,0,697,685,434,411,843,872,376,970,985,170,102,16,186,464,667,346,114,558,23,593,850,888,769
0,0,0,0,0,0,0,0,442,209,298,269,343,147,602,313,908,307,302,644,989,586,191,302,168,921,783,691,275,552
0,0,0,0,0,0,0,0,0,954,882,621,147,828,614,260,684,386,817,782,162,187,601,854,703,422,16,621,386,844
0,0,0,0,0,0,0,0,0,0,723,299,774,562,3,987,741,436,229,831,655,912,361,194,43,884,457,26,440,131
0,0,0,0,0,0,0,0,0,0,0,702,514,327,964,525,234,758,223,531,174,517,308,444,332,250,890,956,550,650
0,0,0,0,0,0,0,0,0,0,0,0,501,739,104,181,324,901,961,904,732,399,751,720,384,763,332,806,51,427
0,0,0,0,0,0,0,0,0,0,0,0,0,428,178,217,828,120,717,145,404,493,890,751,97,601,968,499,660,207
0,0,0,0,0,0,0,0,0,0,0,0,0,0,49,79,5,662,250,929,672,25,616,902,692,949,985,192,113,922
0,0,0,0,0,0,0,0,0,0,0,0,0,0,0,14,723,403,871,464,348,517,95,398,355,301,303,388,888,792
0,0,0,0,0,0,0,0,0,0,0,0,0,0,0,0,424,522,360,359,104,872,926,45,313,993,586,159,861,110
0,0,0,0,0,0,0,0,0,0,0,0,0,0,0,0,0,641,207,29,144,257,412,304,149,897,607,229,724,249
0,0,0,0,0,0,0,0,0,0,0,0,0,0,0,0,0,0,195,7,824,431,50,427,253,950,481,985,373,698
0,0,0,0,0,0,0,0,0,0,0,0,0,0,0,0,0,0,0,750,900,210,155,545,457,611,90,964,82,901
0,0,0,0,0,0,0,0,0,0,0,0,0,0,0,0,0,0,0,0,225,765,477,474,722,240,871,144,325,177
0,0,0,0,0,0,0,0,0,0,0,0,0,0,0,0,0,0,0,0,0,206,664,755,469,63,114,759,556,799
0,0,0,0,0,0,0,0,0,0,0,0,0,0,0,0,0,0,0,0,0,0,276,613,888,972,777,9,285,46
0,0,0,0,0,0,0,0,0,0,0,0,0,0,0,0,0,0,0,0,0,0,0,275,870,575,374,757,311,152
0,0,0,0,0,0,0,0,0,0,0,0,0,0,0,0,0,0,0,0,0,0,0,0,765,242,233,456,426,822
0,0,0,0,0,0,0,0,0,0,0,0,0,0,0,0,0,0,0,0,0,0,0,0,0,53,575,21,793,239
0,0,0,0,0,0,0,0,0,0,0,0,0,0,0,0,0,0,0,0,0,0,0,0,0,0,462,728,998,221
0,0,0,0,0,0,0,0,0,0,0,0,0,0,0,0,0,0,0,0,0,0,0,0,0,0,0,881,656,321
0,0,0,0,0,0,0,0,0,0,0,0,0,0,0,0,0,0,0,0,0,0,0,0,0,0,0,0,978,923
0,0,0,0,0,0,0,0,0,0,0,0,0,0,0,0,0,0,0,0,0,0,0,0,0,0,0,0,0,212
0,0,0,0,0,0,0,0,0,0,0,0,0,0,0,0,0,0,0,0,0,0,0,0,0,0,0,0,0,0
