Number of physical machine types:
3
Resources for each physical machine type:
128,256
64,256
128,128
Available number for each physical machine type:
53
53
53
Activation cost for each physical machine type:
200
150
150
Number of micro-service types:
30
Required number for each micro-service type:
12
3
11
15
11
15
4
13
7
7
15
6
8
12
2
3
3
12
12
3
4
6
11
7
14
5
10
6
13
10
Resource requirements for each micro-service type:
32,27
38,72
37,69
20,41
36,63
16,62
32,32
19,55
34,46
38,71
23,48
13,71
36,73
31,61
27,42
24,53
14,50
31,39
22,41
20,65
36,47
32,62
22,47
36,33
18,30
21,42
17,51
17,31
24,55
18,36
Total invoking flow matrix:
0,363,82,910,28,279,156,823,152,626,594,933,373,2,752,891,434,272,533,12,744,870,872,165,299,479,180,331,666,660
0,0,952,646,662,390,79,227,678,279,202,356,645,876,710,129,172,214,11,705,689,75,889,837,975,723,465,24,582,721
0,0,0,338,142,347,668,611,238,155,319,564,494,579,326,137,446,794,924,658,0,852,906,421,297,809,249,242,284,739
0,0,0,0,488,288,622,391,608,2,191,790,680,483,300,192,32,178,867,378,793,584,18,358,119,764,544,851,884,711
0,0,0,0,0,16,679,42,963,698,595,818,342,120,865,193,817,571,523,16,151,201,74,282,729,505,433,7,977,256
0,0,0,0,0,0,40,783,662,39,360,169,394,147,960,705,752,596,636,245,656,186,43,50,914,940,769,3,653,83
0,0,0,0,0,0,0,822,362,925,583,574,987,52,414,24,752,775,816,940,990,937,149,189,865,228,552,843,157,418
0,0,0,0,0,0,0,0,489,969,128,524,863,798,77,627,395,195,635,474,428,20,287,91,95,799,955,549,881,211
0,0,0,0,0,0,0,0,0,926,593,242,753,590,991,72,427,884,22,958,730,691,907,121,2,552,345,269,790,987
0,0,0,0,0,0,0,0,0,0,721,595,851,851,601,37,924,528,692,479,787,498,886,303,583,934,880,527,51,982
0,0,0,0,0,0,0,0,0,0,0,346,579,303,659,117,512,787,117,963,500,294,220,305,981,507,664,935,938,41
0,0,0,0,0,0,0,0,0,0,0,0,925,526,85,489,523,262,230,251,859,699,112,743,220,818,100,735,744,496
0,0,0,0,0,0,0,0,0,0,0,0,0,873,457,648,486,580,501,611,568,614,639,325,597,769,875,482,271,462
0,0,0,0,0,0,0,0,0,0,0,0,0,0,701,894,823,818,282,116,979,403,468,788,638,27,654,111,627,114
0,0,0,0,0,0,0,0,0,0,0,0,0,0,0,154,19,927,84,990,629,42,777,10,877,748,738,482,18,843
0,0,0,0,0,0,0,0,0,0,0,0,0,0,0,0,251,774,24,939,728,516,524,756,505,301,120,206,745,457
0,0,0,0,0,0,0,0,0,0,0,0,0,0,0,0,0,833,370,934,234,30,806,425,810,600,806,289,181,849
0,0,0,0,0,0,0,0,0,0,0,0,0,0,0,0,0,0,389,465,205,95,504,165,205,448,281,65,15,603
0,0,0,0,0,0,0,0,0,0,0,0,0,0,0,0,0,0,0,890,873,255,97,570,251,433,903,498,288,760
0,0,0,0,0,0,0,0,0,0,0,0,0,0,0,0,0,0,0,0,439,743,45,324,647,62,326,735,433,109
0,0,0,0,0,0,0,0,0,0,0,0,0,0,0,0,0,0,0,0,0,359,3,590,28,903,373,755,200,406
0,0,0,0,0,0,0,0,0,0,0,0,0,0,0,0,0,0,0,0,0,0,799,710,469,36,17,807,208,917
0,0,0,0,0,0,0,0,0,0,0,0,0,0,0,0,0,0,0,0,0,0,0,397,653,978,960,750,345,311
0,0,0,0,0,0,0,0,0,0,0,0,0,0,0,0,0,0,0,0,0,0,0,0,553,529,453,809,959,827
0,0,0,0,0,0,0,0,0,0,0,0,0,0,0,0,0,0,0,0,0,0,0,0,0,871,859,114,160,916
0,0,0,0,0,0,0,0,0,0,0,0,0,0,0,0,0,0,0,0,0,0,0,0,0,0,869,653,802,444
0,0,0,0,0,0,0,0,0,0,0,0,0,0,0,0,0,0,0,0,0,0,0,0,0,0,0,355,60,967
0,0,0,0,0,0,0,0,0,0,0,0,0,0,0,0,0,0,0,0,0,0,0,0,0,0,0,0,987,558
0,0,0,0,0,0,0,0,0,0,0,0,0,0,0,0,0,0,0,0,0,0,0,0,0,0,0,0,0,991
0,0,0,0,0,0,0,0,0,0,0,0,0,0,0,0,0,0,0,0,0,0,0,0,0,0,0,0,0,0
