Number of physical machine types:
3
Resources for each physical machine type:
128,256
64,256
128,128
Available number for each physical machine type:
46
46
46
Activation cost for each physical machine type:
200
150
150
Number of micro-service types:
30
Required number for each micro-service type:
10
5
5
7
13
15
3
4
4
9
10
10
7
2
1
6
14
5
9
11
3
2
10
6
8
14
10
10
2
8
Resource requirements for each micro-service type:
34,76
23,49
15,52
18,44
20,56
28,67
20,69
28,51
21,66
17,48
15,45
23,54
30,56
37,61
19,45
38,42
23,73
20,45
17,68
16,74
32,68
23,29
17,58
37,64
13,56
28,47
36,44
24,74
14,43
35,63
Total invoking flow matrix:
0,622,879,877,922,412,34,949,272,541,597,683,265,183,60,263,278,724,669,388,475,618,402,832,962,401,665,679,13,324
0,0,112,781,806,691,124,677,37,245,191,822,927,547,353,575,403,283,5,442,800,791,485,332,24,447,539,957,320,253
0,0,0,605,556,541,490,765,890,938,486,143,469,786,507,480,538,316,537,689,972,22,87,759,774,330,926,974,679,411
0,0,0,0,940,152,563,589,105,937,568,835,590,329,343,251,328,458,295,632,663,346,711,475,76,187,961,816,111,497
0,0,0,0,0,786,899,758,8,716,510,614,988,217,507,758,675,350,129,720,188,155,22,860,81,119,981,998,262,492
0,0,0,0,0,0,840,557,82,356,915,862,679,802,671,739,902,355,574,542,262,707,597,944,809,628,593,622,820,780
0,0,0,0,0,0,0,684,940,585,455,266,34,675,571,473,263,990,412,131,241,936,14,342,798,895,507,732,662,833
0,0,0,0,0,0,0,0,859,478,939,158,12,651,176,321,247,394,929,328,946,310,933,754,701,907,356,51,632,468
0,0,0,0,0,0,0,0,0,515,448,556,243,35,282,71,751,896,175,337,625,572,593,578,815,65,56,502,109,581
0,0,0,0,0,0,0,0,0,0,471,411,841,20,775,429,786,268,586,685,160,969,909,597,156,205,494,10,1,703
0,0,0,0,0,0,0,0,0,0,0,530,857,455,522,250,842,531,268,81,124,870,165,85,65,56,307,475,93,371
0,0,0,0,0,0,0,0,0,0,0,0,701,871,600,104,49,729,778,195,217,442,652,935,79,630,86,15,331,622
0,0,0,0,0,0,0,0,0,0,0,0,0,806,140,44,660,670,108,730,181,182,706,949,555,221,209,249,232,47
0,0,0,0,0,0,0,0,0,0,0,0,0,0,756,517,558,318,811,472,460,433,391,31,350,894,930,736,743,289
0,0,0,0,0,0,0,0,0,0,0,0,0,0,0,974,784,743,336,958,485,293,228,317,170,359,681,391,241,484
0,0,0,0,0,0,0,0,0,0,0,0,0,0,0,0,823,651,904,176,391,490,641,761,765,750,417,553,733,810
0,0,0,0,0,0,0,0,0,0,0,0,0,0,0,0,0,202,664,470,186,191,222,665,173,717,468,915,511,469
0,0,0,0,0,0,0,0,0,0,0,0,0,0,0,0,0,0,113,137,770,802,137,466,832,819,849,648,654,142
0,0,0,0,0,0,0,0,0,0,0,0,0,0,0,0,0,0,0,398,593,691,874,850,260,225,242,269,575,857
0,0,0,0,0,0,0,0,0,0,0,0,0,0,0,0,0,0,0,0,945,364,386,438,502,620,258,668,116,725
0,0,0,0,0,0,0,0,0,0,0,0,0,0,0,0,0,0,0,0,0,312,307,83,481,656,840,951,305,897
0,0,0,0,0,0,0,0,0,0,0,0,0,0,0,0,0,0,0,0,0,0,502,115,132,84,56,794,387,313
0,0,0,0,0,0,0,0,0,0,0,0,0,0,0,0,0,0,0,0,0,0,0,64,74,386,663,408,876,17
0,0,0,0,0,0,0,0,0,0,0,0,0,0,0,0,0,0,0,0,0,0,0,0,243,73,366,188,176,439
0,0,0,0,0,0,0,0,0,0,0,0,0,0,0,0,0,0,0,0,0,0,0,0,0,956,770,650,829,97
0,0,0,0,0,0,0,0,0,0,0,0,0,0,0,0,0,0,0,0,0,0,0,0,0,0,577,720,896,864
0,0,0,0,0,0,0,0,0,0,0,0,0,0,0,0,0,0,0,0,0,0,0,0,0,0,0,767,902,630
0,0,0,0,0,0,0,0,0,0,0,0,0,0,0,0,0,0,0,0,0,0,0,0,0,0,0,0,711,328
0,0,0,0,0,0,0,0,0,0,0,0,0,0,0,0,0,0,0,0,0,0,0,0,0,0,0,0,0,126
0,0,0,0,0,0,0,0,0,0,0,0,0,0,0,0,0,0,0,0,0,0,0,0,0,0,0,0,0,0
