Number of physical machine types:
3
Resources for each physical machine type:
128,256
64,256
128,128
Available number for each physical machine type:
52
52
52
Activation cost for each physical machine type:
200
150
150
Number of micro-service types:
30
Required number for each micro-service type:
10
9
14
13
4
11
4
9
9
7
14
2
9
11
12
7
14
7
4
13
4
6
11
9
9
8
2
9
9
4
Resource requirements for each micro-service type:
24,34
16,75
30,31
27,62
18,37
37,29
19,46
34,47
28,62
35,30
29,32
36,63
34,60
34,38
16,42
30,28
29,26
30,77
29,55
16,32
37,34
18,74
33,42
14,57
27,57
16,64
24,44
17,66
16,27
31,35
Total invoking flow matrix:
0,928,628,874,978,374,50,159,989,644,671,493,381,737,930,855,405,379,989,271,597,110,324,97,572,177,125,531,591,947
0,0,838,161,172,133,32,538,696,342,616,97,9,748,20,42,424,857,909,284,284,165,105,833,589,819,912,350,389,786
0,0,0,416,309,269,262,913,54,278,785,79,68,734,547,598,912,81,333,714,646,421,749,343,770,613,37,861,483,672
0,0,0,0,201,112,753,120,957,456,812,836,52,976,480,373,620,388,710,829,229,23,959,798,137,53,295,304,101,623
0,0,0,0,0,897,469,604,202,346,563,175,484,29,466,392,163,631,214,528,142,819,696,98,442,856,46,263,88,632
0,0,0,0,0,0,114,332,568,605,367,730,110,955,2,883,891,946,953,553,788,353,601,169,571,323,770,50,529,562
0,0,0,0,0,0,0,539,480,833,809,62,762,679,803,413,318,875,808,702,274,289,68,777,577,741,465,80,568,234
0,0,0,0,0,0,0,0,102,821,553,433,700,886,906,130,39,285,258,420,709,531,428,294,816,879,798,533,44,170
0,0,0,0,0,0,0,0,0,749,646,104,973,787,11,9,178,441,999,732,574,775,22,283,922,543,835,560,735,930
0,0,0,0,0,0,0,0,0,0,264,509,524,775,882,122,833,560,77,404,564,160,468,908,144,558,855,468,337,438
0,0,0,0,0,0,0,0,0,0,0,335,979,74,427,519,23,682,781,6,58,591,729,8,247,683,219,406,952,914
0,0,0,0,0,0,0,0,0,0,0,0,581,703,984,601,219,849,923,963,178,187,797,656,601,956,360,324,270,566
0,0,0,0,0,0,0,0,0,0,0,0,0,791,67,916,89,833,403,381,842,110,610,233,49,94,819,718,660,168
0,0,0,0,0,0,0,0,0,0,0,0,0,0,833,157,266,250,716,655,967,617,226,788,608,488,688,641,260,896
0,0,0,0,0,0,0,0,0,0,0,0,0,0,0,403,186,464,375,169,737,544,56,307,294,518,464,238,622,657
0,0,0,0,0,0,0,0,0,0,0,0,0,0,0,0,449,13,852,584,239,808,599,641,970,111,613,614,312,493
0,0,0,0,0,0,0,0,0,0,0,0,0,0,0,0,0,986,737,236,255,929,987,207,489,914,604,930,865,721
0,0,0,0,0,0,0,0,0,0,0,0,0,0,0,0,0,0,797,699,310,276,532,691,531,148,646,166,585,423
0,0,0,0,0,0,0,0,0,0,0,0,0,0,0,0,0,0,0,406,743,500,210,63,488,213,489,598,678,689
0,0,0,0,0,0,0,0,0,0,0,0,0,0,0,0,0,0,0,0,144,495,465,508,691,883,928,789,230,872
0,0,0,0,0,0,0,0,0,0,0,0,0,0,0,0,0,0,0,0,0,670,375,466,660,860,589,644,290,210
0,0,0,0,0,0,0,0,0,0,0,0,0,0,0,0,0,0,0,0,0,0,617,106,551,257,573,250,868,135
0,0,0,0,0,0,0,0,0,0,0,0,0,0,0,0,0,0,0,0,0,0,0,917,829,187,192,501,802,928
0,0,0,0,0,0,0,0,0,0,0,0,0,0,0,0,0,0,0,0,0,0,0,0,574,369,450,195,217,413
0,0,0,0,0,0,0,0,0,0,0,0,0,0,0,0,0,0,0,0,0,0,0,0,0,798,591,198,27,313
0,0,0,0,0,0,0,0,0,0,0,0,0,0,0,0,0,0,0,0,0,0,0,0,0,0,375,914,176,134
0,0,0,0,0,0,0,0,0,0,0,0,0,0,0,0,0,0,0,0,0,0,0,0,0,0,0,6,394,766
0,0,0,0,0,0,0,0,0,0,0,0,0,0,0,0,0,0,0,0,0,0,0,0,0,0,0,0,250,672
0,0,0,0,0,0,0,0,0,0,0,0,0,0,0,0,0,0,0,0,0,0,0,0,0,0,0,0,0,753
0,0,0,0,0,0,0,0,0,0,0,0,0,0,0,0,0,0,0,0,0,0,0,0,0,0,0,0,0,0
