Number of physical machine types:
3
Resources for each physical machine type:
128,256
64,256
128,128
Available number for each physical machine type:
54
54
54
Activation cost for each physical machine type:
200
150
150
Number of micro-service types:
30
Required number for each micro-service type:
11
14
11
3
9
2
9
8
13
13
11
13
9
2
4
6
12
14
1
14
5
11
7
9
6
11
11
11
6
9
Resource requirements for each micro-service type:
33,64
14,37
37,52
31,46
33,30
21,43
33,41
21,72
30,39
23,56
34,39
22,46
27,29
23,34
35,65
25,52
18,45
32,52
37,46
19,75
28,29
15,38
19,28
25,66
15,72
24,68
22,54
13,45
36,61
22,72
Total invoking flow matrix:
0,643,918,972,917,358,114,774,254,598,524,359,15,168,703,651,129,929,11,792,332,28,968,386,390,614,494,227,296,405
0,0,83,817,100,452,726,34,860,363,911,770,186,304,276,322,751,933,29,335,309,17,303,310,607,597,275,677,341,165
0,0,0,48,964,333,427,788,735,671,11,18,210,917,795,798,153,787,907,91,187,196,21,221,194,873,672,655,676,316
0,0,0,0,673,958,75,402,991,841,777,602,301,277,799,927,764,665,483,888,538,886,646,699,287,851,844,110,943,291
0,0,0,0,0,489,820,426,229,455,13,454,291,830,261,236,788,354,14,513,442,747,734,434,518,914,14,889,377,326
0,0,0,0,0,0,173,164,972,347,971,472,344,318,452,469,150,268,226,646,251,24,164,316,219,176,518,579,33,644
0,0,0,0,0,0,0,709,735,995,525,936,746,993,720,947,33,382,607,269,788,393,545,828,734,461,222,401,518,521
0,0,0,0,0,0,0,0,292,951,218,508,324,106,445,608,220,592,599,773,169,108,822,171,180,243,928,554,276,704
0,0,0,0,0,0,0,0,0,928,198,212,53,815,121,570,394,804,134,763,837,571,431,554,503,339,711,83,764,496
0,0,0,0,0,0,0,0,0,0,48,967,136,13,150,903,565,202,914,242,879,186,739,568,234,951,433,90,289,641
0,0,0,0,0,0,0,0,0,0,0,869,901,440,804,868,545,389,154,902,277,272,294,675,379,660,776,889,853,466
0,0,0,0,0,0,0,0,0,0,0,0,931,712,792,421,129,63,374,935,270,388,957,546,788,237,526,126,193,793
0,0,0,0,0,0,0,0,0,0,0,0,0,840,290,596,998,496,816,269,366,507,137,202,93,991,185,939,4,947
0,0,0,0,0,0,0,0,0,0,0,0,0,0,399,930,556,862,809,415,446,777,800,269,768,24,761,518,423,277
0,0,0,0,0,0,0,0,0,0,0,0,0,0,0,987,272,289,728,396,174,877,91,297,315,650,958,63,753,439
0,0,0,0,0,0,0,0,0,0,0,0,0,0,0,0,122,675,927,463,539,280,463,296,919,906,212,988,332,945
0,0,0,0,0,0,0,0,0,0,0,0,0,0,0,0,0,397,307,120,302,196,626,379,685,45,869,940,953,823
0,0,0,0,0,0,0,0,0,0,0,0,0,0,0,0,0,0,973,35,91,624,274,453,198,169,235,19,477,867
0,0,0,0,0,0,0,0,0,0,0,0,0,0,0,0,0,0,0,142,263,122,677,156,139,731,983,401,270,726
0,0,0,0,0,0,0,0,0,0,0,0,0,0,0,0,0,0,0,0,997,393,717,605,507,276,226,102,814,156
0,0,0,0,0,0,0,0,0,0,0,0,0,0,0,0,0,0,0,0,0,285,589,314,1,426,966,85,871,688
0,0,0,0,0,0,0,0,0,0,0,0,0,0,0,0,0,0,0,0,0,0,996,550,862,510,143,481,587,575
0,0,0,0,0,0,0,0,0,0,0,0,0,0,0,0,0,0,0,0,0,0,0,327,805,876,666,825,618,448
0,0,0,0,0,0,0,0,0,0,0,0,0,0,0,0,0,0,0,0,0,0,0,0,60,291,581,394,120,990
0,0,0,0,0,0,0,0,0,0,0,0,0,0,0,0,0,0,0,0,0,0,0,0,0,379,67,372,705,823
0,0,0,0,0,0,0,0,0,0,0,0,0,0,0,0,0,0,0,0,0,0,0,0,0,0,526,213,721,131
0,0,0,0,0,0,0,0,0,0,0,0,0,0,0,0,0,0,0,0,0,0,0,0,0,0,0,268,82,593
0,0,0,0,0,0,0,0,0,0,0,0,0,0,0,0,0,0,0,0,0,0,0,0,0,0,0,0,523,113
0,0,0,0,0,0,0,0,0,0,0,0,0,0,0,0,0,0,0,0,0,0,0,0,0,0,0,0,0,511
0,0,0,0,0,0,0,0,0,0,0,0,0,0,0,0,0,0,0,0,0,0,0,0,0,0,0,0,0,0
