Number of physical machine types:
3
Resources for each physical machine type:
128,256
64,256
128,128
Available number for each physical machine type:
29
29
29
Activation cost for each physical machine type:
200
150
150
Number of micro-service types:
20
Required number for each micro-service type:
9
6
6
8
7
7
8
4
9
9
1
3
5
9
9
9
4
7
10
8
Resource requirements for each micro-service type:
38,64
29,45
26,68
28,26
13,49
37,70
35,33
27,26
32,73
14,40
16,28
36,36
25,51
29,64
34,58
21,61
35,44
19,70
14,58
15,50
Total invoking flow matrix:
0,78,682,534,937,552,105,987,281,938,16,158,109,739,653,815,763,554,362,502
0,0,874,2,552,735,473,228,243,926,143,655,796,793,307,671,286,852,554,514
0,0,0,712,602,147,596,662,909,545,103,237,295,884,519,47,91,317,863,217
0,0,0,0,390,93,625,864,361,367,573,927,280,108,288,944,67,299,58,199
0,0,0,0,0,712,757,848,728,516,975,473,89,549,214,303,750,366,681,133
0,0,0,0,0,0,383,773,92,195,220,619,317,866,966,661,651,24,293,113
0,0,0,0,0,0,0,581,153,300,895,424,912,269,361,547,637,374,690,999
0,0,0,0,0,0,0,0,437,198,348,39,748,321,814,613,122,149,49,973
0,0,0,0,0,0,0,0,0,427,42,661,633,461,519,172,796,244,426,495
0,0,0,0,0,0,0,0,0,0,588,233,776,825,383,973,44,629,143,522
0,0,0,0,0,0,0,0,0,0,0,691,13,267,827,197,167,697,312,521
0,0,0,0,0,0,0,0,0,0,0,0,272,676,940,233,885,577,677,539
0,0,0,0,0,0,0,0,0,0,0,0,0,60,664,971,964,23,453,428
0,0,0,0,0,0,0,0,0,0,0,0,0,0,541,553,225,435,600,759
0,0,0,0,0,0,0,0,0,0,0,0,0,0,0,453,982,136,126,442
0,0,0,0,0,0,0,0,0,0,0,0,0,0,0,0,393,718,827,101
0,0,0,0,0,0,0,0,0,0,0,0,0,0,0,0,0,926,946,191
0,0,0,0,0,0,0,0,0,0,0,0,0,0,0,0,0,0,235,368
0,0,0,0,0,0,0,0,0,0,0,0,0,0,0,0,0,0,0,503
0,0,0,0,0,0,0,0,0,0,0,0,0,0,0,0,0,0,0,0
