Number of physical machine types:
3
Resources for each physical machine type:
128,256
64,256
128,128
Available number for each physical machine type:
25
25
25
Activation cost for each physical machine type:
200
150
150
Number of micro-service types:
20
Required number for each micro-service type:
4
10
9
7
1
9
4
4
9
6
9
6
4
5
6
10
6
1
2
6
Resource requirements for each micro-service type:
16,59
18,65
16,27
19,47
37,64
13,48
32,49
24,53
17,33
35,57
38,34
36,61
32,63
24,59
38,63
20,73
26,58
25,67
27,41
15,48
Total invoking flow matrix:
0,144,513,308,699,438,477,606,369,119,559,309,986,243,887,975,534,451,192,681
0,0,356,508,316,993,922,858,778,465,751,175,106,355,223,85,853,307,906,66
0,0,0,591,220,81,140,786,4,371,874,281,430,94,229,321,143,223,368,562
0,0,0,0,428,797,647,535,131,149,10,513,135,134,331,881,602,798,195,269
0,0,0,0,0,230,889,620,986,388,61,979,450,156,640,246,10,425,358,854
0,0,0,0,0,0,558,794,541,231,474,701,150,661,40,337,324,610,433,466
0,0,0,0,0,0,0,882,801,277,723,479,644,812,600,641,354,517,866,662
0,0,0,0,0,0,0,0,302,129,961,608,84,773,925,177,891,312,910,320
0,0,0,0,0,0,0,0,0,967,532,813,921,519,531,352,890,209,78,500
0,0,0,0,0,0,0,0,0,0,273,977,218,9,139,775,664,969,476,402
0,0,0,0,0,0,0,0,0,0,0,349,118,531,773,857,944,698,723,675
0,0,0,0,0,0,0,0,0,0,0,0,936,381,779,675,244,399,422,231
0,0,0,0,0,0,0,0,0,0,0,0,0,959,872,847,316,597,83,578
0,0,0,0,0,0,0,0,0,0,0,0,0,0,777,315,240,873,938,443
0,0,0,0,0,0,0,0,0,0,0,0,0,0,0,901,471,815,950,956
0,0,0,0,0,0,0,0,0,0,0,0,0,0,0,0,442,255,904,746
0,0,0,0,0,0,0,0,0,0,0,0,0,0,0,0,0,327,328,99
0,0,0,0,0,0,0,0,0,0,0,0,0,0,0,0,0,0,763,774
0,0,0,0,0,0,0,0,0,0,0,0,0,0,0,0,0,0,0,638
0,0,0,0,0,0,0,0,0,0,0,0,0,0,0,0,0,0,0,0
