Number of physical machine types:
3
Resources for each physical machine type:
128,256
64,256
128,128
Available number for each physical machine type:
21
21
21
Activation cost for each physical machine type:
200
150
150
Number of micro-service types:
20
Required number for each micro-service type:
6
6
6
6
8
5
4
2
2
7
5
2
2
4
7
2
9
8
4
1
Resource requirements for each micro-service type:
26,50
28,58
22,74
26,77
33,55
33,60
37,54
17,74
32,49
25,33
30,49
16,31
27,44
32,38
34,75
17,75
33,39
37,68
16,42
18,72
Total invoking flow matrix:
0,122,141,796,619,429,744,525,533,255,34,712,659,77,498,830,697,359,3,243
0,0,168,94,68,548,502,154,200,926,3,935,519,86,324,848,685,400,264,779
0,0,0,244,72,246,611,331,823,563,103,596,804,181,162,38,732,140,509,981
0,0,0,0,857,918,316,703,112,424,905,433,686,267,382,791,893,399,9,369
0,0,0,0,0,455,982,842,345,321,306,408,703,342,603,332,457,137,46,139
0,0,0,0,0,0,980,81,310,637,231,165,597,529,787,785,165,517,695,15
0,0,0,0,0,0,0,93,262,749,909,838,973,563,815,919,653,785,905,936
0,0,0,0,0,0,0,0,638,617,498,842,769,64,991,421,290,947,24,606
0,0,0,0,0,0,0,0,0,893,555,452,192,979,979,381,823,197,20,245
0,0,0,0,0,0,0,0,0,0,113,202,511,792,606,188,592,931,580,134
0,0,0,0,0,0,0,0,0,0,0,590,712,247,983,24,906,640,880,739
0,0,0,0,0,0,0,0,0,0,0,0,651,706,276,295,477,975,355,79
0,0,0,0,0,0,0,0,0,0,0,0,0,297,132,497,666,309,714,685
0,0,0,0,0,0,0,0,0,0,0,0,0,0,247,895,751,841,53,656
0,0,0,0,0,0,0,0,0,0,0,0,0,0,0,859,726,934,490,604
0,0,0,0,0,0,0,0,0,0,0,0,0,0,0,0,991,142,495,43
0,0,0,0,0,0,0,0,0,0,0,0,0,0,0,0,0,869,209,295
0,0,0,0,0,0,0,0,0,0,0,0,0,0,0,0,0,0,823,784
0,0,0,0,0,0,0,0,0,0,0,0,0,0,0,0,0,0,0,746
0,0,0,0,0,0,0,0,0,0,0,0,0,0,0,0,0,0,0,0
