Number of physical machine types:
3
Resources for each physical machine type:
128,256
64,256
128,128
Available number for each physical machine type:
24
24
24
Activation cost for each physical machine type:
200
150
150
Number of micro-service types:
20
Required number for each micro-service type:
3
7
3
2
10
7
4
7
4
2
8
4
7
7
10
6
3
7
3
9
Resource requirements for each micro-service type:
13,52
25,63
18,36
23,63
13,41
23,28
18,60
20,53
24,75
24,39
18,52
21,66
19,69
34,76
37,50
20,68
27,67
26,37
23,56
22,76
Total invoking flow matrix:
0,821,468,455,988,423,75,645,430,312,657,821,456,528,96,77,665,989,889,924
0,0,251,223,41,824,744,757,900,176,662,886,951,139,372,680,87,336,84,975
0,0,0,321,718,79,489,396,586,664,231,155,185,771,626,779,264,957,574,722
0,0,0,0,257,33,792,38,828,428,479,363,807,544,672,308,239,596,174,975
0,0,0,0,0,653,592,282,197,17,353,446,59,992,771,304,532,478,580,779
0,0,0,0,0,0,617,726,588,723,282,865,336,275,622,655,296,231,601,814
0,0,0,0,0,0,0,820,405,670,412,879,386,290,55,873,86,800,597,875
0,0,0,0,0,0,0,0,284,851,522,562,750,723,740,760,359,245,101,937
0,0,0,0,0,0,0,0,0,327,46,650,561,861,755,425,810,615,382,672
0,0,0,0,0,0,0,0,0,0,590,584,934,110,825,59,181,778,257,108
0,0,0,0,0,0,0,0,0,0,0,655,458,882,929,808,243,603,620,868
0,0,0,0,0,0,0,0,0,0,0,0,396,202,270,522,216,903,404,976
0,0,0,0,0,0,0,0,0,0,0,0,0,524,286,478,189,31,368,305
0,0,0,0,0,0,0,0,0,0,0,0,0,0,748,130,996,359,648,5
0,0,0,0,0,0,0,0,0,0,0,0,0,0,0,581,154,518,703,196
0,0,0,0,0,0,0,0,0,0,0,0,0,0,0,0,318,249,224,354
0,0,0,0,0,0,0,0,0,0,0,0,0,0,0,0,0,402,850,829
0,0,0,0,0,0,0,0,0,0,0,0,0,0,0,0,0,0,146,560
0,0,0,0,0,0,0,0,0,0,0,0,0,0,0,0,0,0,0,651
0,0,0,0,0,0,0,0,0,0,0,0,0,0,0,0,0,0,0,0
