Number of physical machine types:
3
Resources for each physical machine type:
128,256
64,256
128,128
Available number for each physical machine type:
21
21
21
Activation cost for each physical machine type:
200
150
150
Number of micro-service types:
20
Required number for each micro-service type:
6
4
5
6
5
4
1
4
10
4
6
2
8
2
6
3
2
9
2
8
Resource requirements for each micro-service type:
35,67
33,53
31,58
16,62
18,57
20,46
25,72
31,38
30,59
21,38
36,39
26,26
17,55
28,30
34,50
29,49
19,51
15,61
36,35
18,51
Total invoking flow matrix:
0,275,53,727,809,585,309,988,537,171,918,356,381,474,173,108,31,452,919,465
0,0,788,414,5,673,619,414,186,285,267,975,624,321,535,942,286,622,470,227
0,0,0,818,873,84,951,861,320,866,620,986,689,191,443,737,591,749,674,361
0,0,0,0,56,979,947,884,55,721,337,38,594,927,516,293,857,719,273,346
0,0,0,0,0,321,237,195,176,985,97,311,649,481,386,578,839,176,870,777
0,0,0,0,0,0,660,938,514,184,939,401,879,48,160,215,625,437,141,844
0,0,0,0,0,0,0,858,434,401,375,41,882,266,745,668,174,227,559,531
0,0,0,0,0,0,0,0,192,979,12,59,625,107,326,4,465,833,683,523
0,0,0,0,0,0,0,0,0,318,654,381,906,599,886,790,224,866,14,361
0,0,0,0,0,0,0,0,0,0,882,936,922,390,68,48,418,770,87,936
0,0,0,0,0,0,0,0,0,0,0,845,363,426,853,183,86,219,371,111
0,0,0,0,0,0,0,0,0,0,0,0,193,111,495,97,42,977,3,758
0,0,0,0,0,0,0,0,0,0,0,0,0,898,356,700,526,963,892,543
0,0,0,0,0,0,0,0,0,0,0,0,0,0,729,58,676,970,726,799
0,0,0,0,0,0,0,0,0,0,0,0,0,0,0,791,264,431,96,607
0,0,0,0,0,0,0,0,0,0,0,0,0,0,0,0,499,178,32,324
0,0,0,0,0,0,0,0,0,0,0,0,0,0,0,0,0,694,691,178
0,0,0,0,0,0,0,0,0,0,0,0,0,0,0,0,0,0,158,3
0,0,0,0,0,0,0,0,0,0,0,0,0,0,0,0,0,0,0,60
0,0,0,0,0,0,0,0,0,0,0,0,0,0,0,0,0,0,0,0
