Number of physical machine types:
3
Resources for each physical machine type:
128,256
64,256
128,128
Available number for each physical machine type:
23
23
23
Activation cost for each physical machine type:
200
150
150
Number of micro-service types:
20
Required number for each micro-service type:
2
7
7
8
5
7
2
8
2
4
5
8
3
10
7
8
3
3
3
6
Resource requirements for each micro-service type:
30,68
30,51
19,31
19,66
30,61
24,45
26,44
38,57
30,39
17,61
37,73
35,65
22,61
18,47
35,29
26,33
19,77
31,36
38,55
31,53
Total invoking flow matrix:
0,322,954,973,464,955,317,663,354,307,211,102,403,690,587,380,141,824,103,480
0,0,272,288,742,838,741,694,240,709,179,56,372,886,690,447,454,328,157,785
0,0,0,73,915,193,588,148,753,49,453,351,394,393,889,124,183,148,308,913
0,0,0,0,987,944,964,370,775,965,131,52,175,678,185,469,345,597,937,305
0,0,0,0,0,44,63,397,234,252,262,792,282,13,746,223,188,533,856,900
0,0,0,0,0,0,161,929,299,942,37,426,189,824,937,994,769,983,844,638
0,0,0,0,0,0,0,897,70,921,882,484,824,886,675,883,438,210,488,477
0,0,0,0,0,0,0,0,389,313,440,904,804,627,438,112,493,105,825,38
0,0,0,0,0,0,0,0,0,972,158,208,798,742,463,156,216,830,365,546
0,0,0,0,0,0,0,0,0,0,258,163,39,455,121,220,215,480,116,519
0,0,0,0,0,0,0,0,0,0,0,321,1,958,392,192,111,332,900,5
0,0,0,0,0,0,0,0,0,0,0,0,854,334,655,508,199,209,36,851
0,0,0,0,0,0,0,0,0,0,0,0,0,719,660,668,25,695,691,25
0,0,0,0,0,0,0,0,0,0,0,0,0,0,248,328,812,582,325,103
0,0,0,0,0,0,0,0,0,0,0,0,0,0,0,658,194,395,329,663
0,0,0,0,0,0,0,0,0,0,0,0,0,0,0,0,363,951,951,136
0,0,0,0,0,0,0,0,0,0,0,0,0,0,0,0,0,65,483,148
0,0,0,0,0,0,0,0,0,0,0,0,0,0,0,0,0,0,80,267
0,0,0,0,0,0,0,0,0,0,0,0,0,0,0,0,0,0,0,583
0,0,0,0,0,0,0,0,0,0,0,0,0,0,0,0,0,0,0,0
