Number of physical machine types:
3
Resources for each physical machine type:
128,256
64,256
128,128
Available number for each physical machine type:
26
26
26
Activation cost for each physical machine type:
200
150
150
Number of micro-service types:
20
Required number for each micro-service type:
9
9
4
8
9
3
6
4
6
5
5
1
8
6
6
10
2
8
6
6
Resource requirements for each micro-service type:
25,48
16,39
38,62
36,73
14,38
22,33
30,60
28,70
19,65
28,39
16,44
26,75
26,58
15,62
37,43
18,48
32,40
19,76
31,56
34,58
Total invoking flow matrix:
0,808,122,769,903,795,488,331,524,380,310,818,637,331,686,300,639,648,942,306
0,0,929,776,553,70,80,436,294,270,793,529,834,67,68,849,619,229,679,445
0,0,0,720,635,344,693,946,145,87,798,31,341,128,768,210,830,535,393,648
0,0,0,0,480,704,341,963,509,400,280,860,474,237,634,279,597,445,32,188
0,0,0,0,0,21,228,596,599,460,6,143,301,223,941,213,657,109,934,638
0,0,0,0,0,0,556,119,868,867,978,697,842,468,329,691,145,262,980,558
0,0,0,0,0,0,0,950,622,112,96,418,333,870,716,849,420,974,506,849
0,0,0,0,0,0,0,0,774,594,226,240,321,155,526,754,825,925,779,794
0,0,0,0,0,0,0,0,0,976,284,922,336,370,442,402,223,227,883,466
0,0,0,0,0,0,0,0,0,0,135,296,110,583,832,983,994,521,461,729
0,0,0,0,0,0,0,0,0,0,0,206,602,691,173,215,475,195,397,641
0,0,0,0,0,0,0,0,0,0,0,0,292,515,500,776,322,872,897,515
0,0,0,0,0,0,0,0,0,0,0,0,0,301,858,479,621,1,514,907
0,0,0,0,0,0,0,0,0,0,0,0,0,0,231,961,250,43,83,564
0,0,0,0,0,0,0,0,0,0,0,0,0,0,0,423,922,209,168,412
0,0,0,0,0,0,0,0,0,0,0,0,0,0,0,0,269,305,540,353
0,0,0,0,0,0,0,0,0,0,0,0,0,0,0,0,0,667,853,735
0,0,0,0,0,0,0,0,0,0,0,0,0,0,0,0,0,0,799,255
0,0,0,0,0,0,0,0,0,0,0,0,0,0,0,0,0,0,0,580
0,0,0,0,0,0,0,0,0,0,0,0,0,0,0,0,0,0,0,0
