Number of physical machine types:
3
Resources for each physical machine type:
128,256
64,256
128,128
Available number for each physical machine type:
20
20
20
Activation cost for each physical machine type:
200
150
150
Number of micro-service types:
20
Required number for each micro-service type:
8
7
7
5
3
5
3
6
8
4
4
2
3
3
4
1
3
6
5
4
Resource requirements for each micro-service type:
33,76
36,68
19,38
30,64
20,63
29,64
30,45
33,77
27,74
21,54
17,56
27,49
18,45
25,62
25,47
26,77
37,42
14,58
17,45
22,52
Total invoking flow matrix:
0,542,923,651,74,614,96,211,574,680,447,885,508,315,882,368,606,841,738,44
0,0,781,437,491,839,960,700,899,153,744,503,48,990,659,924,844,386,42,710
0,0,0,306,896,116,612,567,567,152,234,120,869,508,101,680,135,7,264,607
0,0,0,0,450,29,147,812,359,871,997,458,311,97,263,22,237,690,620,818
0,0,0,0,0,584,207,598,804,497,262,196,47,180,770,529,290,152,437,960
0,0,0,0,0,0,312,707,2,340,393,790,999,970,370,509,464,873,494,302
0,0,0,0,0,0,0,458,666,728,447,358,587,221,437,299,891,590,499,855
0,0,0,0,0,0,0,0,377,183,463,974,113,572,64,547,719,456,241,418
0,0,0,0,0,0,0,0,0,763,243,468,538,517,34,467,314,823,919,153
0,0,0,0,0,0,0,0,0,0,400,798,967,12,494,722,282,771,585,249
0,0,0,0,0,0,0,0,0,0,0,71,570,538,610,825,125,181,289,495
0,0,0,0,0,0,0,0,0,0,0,0,700,76,227,238,583,923,271,167
0,0,0,0,0,0,0,0,0,0,0,0,0,722,803,841,982,241,634,902
0,0,0,0,0,0,0,0,0,0,0,0,0,0,590,690,948,464,530,785
0,0,0,0,0,0,0,0,0,0,0,0,0,0,0,654,984,772,263,382
0,0,0,0,0,0,0,0,0,0,0,0,0,0,0,0,946,182,453,165
0,0,0,0,0,0,0,0,0,0,0,0,0,0,0,0,0,786,986,105
0,0,0,0,0,0,0,0,0,0,0,0,0,0,0,0,0,0,955,8
0,0,0,0,0,0,0,0,0,0,0,0,0,0,0,0,0,0,0,28
0,0,0,0,0,0,0,0,0,0,0,0,0,0,0,0,0,0,0,0
