Number of physical machine types:
3
Resources for each physical machine type:
128,256
64,256
128,128
Available number for each physical machine type:
28
28
28
Activation cost for each physical machine type:
200
150
150
Number of micro-service types:
20
Required number for each micro-service type:
9
6
4
4
10
5
7
9
8
6
2
7
3
9
8
9
4
7
9
8
Resource requirements for each micro-service type:
37,47
14,29
34,73
38,30
19,70
29,71
14,43
34,61
21,60
13,27
25,43
17,38
13,48
17,49
26,48
27,72
33,37
26,66
21,76
17,72
Total invoking flow matrix:
0,30,685,925,320,36,134,730,205,674,950,741,621,957,761,231,188,872,273,526
0,0,309,279,390,723,187,242,822,475,688,139,291,232,652,119,345,124,834,214
0,0,0,911,357,406,751,422,57,349,500,489,838,449,424,422,600,957,229,492
0,0,0,0,379,665,809,899,424,748,567,332,140,370,193,736,796,365,313,586
0,0,0,0,0,980,595,733,847,646,497,515,589,508,768,956,785,23,633,765
0,0,0,0,0,0,930,434,410,508,352,92,643,724,770,748,558,683,853,728
0,0,0,0,0,0,0,249,119,544,14,763,84,548,664,236,227,369,507,253
0,0,0,0,0,0,0,0,599,382,211,587,472,568,284,556,832,694,239,106
0,0,0,0,0,0,0,0,0,290,413,35,19,334,793,303,212,723,998,45
0,0,0,0,0,0,0,0,0,0,528,779,532,77,683,807,343,895,310,52
0,0,0,0,0,0,0,0,0,0,0,693,141,627,672,382,394,40,454,511
0,0,0,0,0,0,0,0,0,0,0,0,23,964,970,983,214,270,563,487
0,0,0,0,0,0,0,0,0,0,0,0,0,617,566,722,763,66,977,317
0,0,0,0,0,0,0,0,0,0,0,0,0,0,813,439,181,824,347,582
0,0,0,0,0,0,0,0,0,0,0,0,0,0,0,708,613,36,295,946
0,0,0,0,0,0,0,0,0,0,0,0,0,0,0,0,301,5,522,978
0,0,0,0,0,0,0,0,0,0,0,0,0,0,0,0,0,928,959,177
0,0,0,0,0,0,0,0,0,0,0,0,0,0,0,0,0,0,265,872
0,0,0,0,0,0,0,0,0,0,0,0,0,0,0,0,0,0,0,633
0,0,0,0,0,0,0,0,0,0,0,0,0,0,0,0,0,0,0,0
