Number of physical machine types:
3
Resources for each physical machine type:
128,256
64,256
128,128
Available number for each physical machine type:
23
23
23
Activation cost for each physical machine type:
200
150
150
Number of micro-service types:
20
Required number for each micro-service type:
7
8
9
9
6
7
4
3
2
1
1
1
2
8
6
9
6
9
3
6
Resource requirements for each micro-service type:
24,53
37,50
14,43
14,32
18,64
29,55
25,46
33,26
31,66
23,71
38,72
25,50
22,58
31,53
17,73
27,57
17,71
36,73
15,52
16,36
Total invoking flow matrix:
0,693,48,152,468,54,669,841,417,455,133,155,526,583,194,351,936,637,894,970
0,0,353,5,531,57,422,871,220,732,440,509,439,700,419,346,214,790,628,541
0,0,0,137,274,666,180,140,140,326,733,987,169,749,269,235,279,514,489,800
0,0,0,0,525,779,486,320,583,445,50,706,270,583,920,796,502,535,939,139
0,0,0,0,0,424,861,267,481,353,494,317,799,253,17,403,274,713,992,2
0,0,0,0,0,0,361,252,969,264,491,360,355,851,15,849,312,250,161,347
0,0,0,0,0,0,0,270,2,283,592,400,5,971,937,685,591,6,197,657
0,0,0,0,0,0,0,0,674,196,822,957,242,371,565,522,457,823,908,572
0,0,0,0,0,0,0,0,0,966,549,685,456,190,73,746,466,528,749,874
0,0,0,0,0,0,0,0,0,0,842,190,143,861,293,138,384,163,859,682
0,0,0,0,0,0,0,0,0,0,0,180,668,290,990,368,689,57,68,625
0,0,0,0,0,0,0,0,0,0,0,0,145,372,988,857,475,362,327,778
0,0,0,0,0,0,0,0,0,0,0,0,0,398,36,416,227,874,314,887
0,0,0,0,0,0,0,0,0,0,0,0,0,0,426,665,487,193,767,361
0,0,0,0,0,0,0,0,0,0,0,0,0,0,0,252,820,714,202,724
0,0,0,0,0,0,0,0,0,0,0,0,0,0,0,0,505,400,590,922
0,0,0,0,0,0,0,0,0,0,0,0,0,0,0,0,0,124,169,988
0,0,0,0,0,0,0,0,0,0,0,0,0,0,0,0,0,0,767,802
0,0,0,0,0,0,0,0,0,0,0,0,0,0,0,0,0,0,0,299
0,0,0,0,0,0,0,0,0,0,0,0,0,0,0,0,0,0,0,0
