Number of physical machine types:
3
Resources for each physical machine type:
128,256
64,256
128,128
Available number for each physical machine type:
27
27
27
Activation cost for each physical machine type:
200
150
150
Number of micro-service types:
20
Required number for each micro-service type:
5
7
5
8
2
6
9
10
4
8
10
6
8
4
5
4
8
4
7
9
Resource requirements for each micro-service type:
38,66
22,54
26,27
37,38
38,40
35,44
20,59
32,74
14,65
34,37
37,34
32,27
36,51
22,44
24,45
25,49
15,47
18,32
18,65
32,72
Total invoking flow matrix:
0,706,5,662,579,563,44,490,704,188,958,415,154,103,93,59,738,753,453,609
0,0,657,239,190,601,130,422,310,518,608,372,783,321,233,512,558,329,845,113
0,0,0,768,25,586,815,85,712,711,583,133,819,665,392,662,662,110,273,242
0,0,0,0,24,804,358,77,400,363,34,429,352,289,894,199,883,563,631,68
0,0,0,0,0,75,411,216,865,914,668,434,265,90,214,18,878,675,746,791
0,0,0,0,0,0,713,620,770,341,917,165,817,784,742,771,460,481,897,687
0,0,0,0,0,0,0,826,310,971,240,674,268,959,858,992,132,856,503,927
0,0,0,0,0,0,0,0,434,432,658,6,189,602,412,73,149,148,210,974
0,0,0,0,0,0,0,0,0,918,198,548,413,838,47,113,761,76,110,312
0,0,0,0,0,0,0,0,0,0,934,649,238,996,17,835,23,801,937,649
0,0,0,0,0,0,0,0,0,0,0,67,68,422,48,146,531,94,541,586
0,0,0,0,0,0,0,0,0,0,0,0,5,560,181,415,441,927,206,458
0,0,0,0,0,0,0,0,0,0,0,0,0,600,615,289,776,948,291,288
0,0,0,0,0,0,0,0,0,0,0,0,0,0,621,7,664,168,645,677
0,0,0,0,0,0,0,0,0,0,0,0,0,0,0,791,346,387,263,224
0,0,0,0,0,0,0,0,0,0,0,0,0,0,0,0,168,248,705,326
0,0,0,0,0,0,0,0,0,0,0,0,0,0,0,0,0,967,699,1
0,0,0,0,0,0,0,0,0,0,0,0,0,0,0,0,0,0,740,918
0,0,0,0,0,0,0,0,0,0,0,0,0,0,0,0,0,0,0,380
0,0,0,0,0,0,0,0,0,0,0,0,0,0,0,0,0,0,0,0
