Number of physical machine types:
3
Resources for each physical machine type:
128,256
64,256
128,128
Available number for each physical machine type:
24
24
24
Activation cost for each physical machine type:
200
150
150
Number of micro-service types:
20
Required number for each micro-service type:
3
8
9
1
3
7
8
4
2
8
8
9
7
4
3
4
4
2
8
9
Resource requirements for each micro-service type:
30,66
23,65
21,63
35,33
21,51
36,37
15,59
25,54
34,32
27,71
35,46
26,70
23,50
22,58
23,57
34,30
27,62
36,48
25,31
31,59
Total invoking flow matrix:
0,115,179,508,794,335,872,313,422,465,851,741,366,387,119,56,351,687,909,734
0,0,337,288,197,832,830,673,322,171,925,122,808,926,202,577,976,823,681,355
0,0,0,797,432,817,70,682,643,368,315,148,204,176,444,295,639,153,703,258
0,0,0,0,49,113,496,347,457,482,272,774,764,150,924,72,749,266,296,254
0,0,0,0,0,313,389,872,398,408,101,986,819,566,447,494,228,466,771,709
0,0,0,0,0,0,467,164,727,927,974,198,146,57,363,981,700,270,897,488
0,0,0,0,0,0,0,784,729,270,767,845,999,980,135,814,732,32,47,204
0,0,0,0,0,0,0,0,143,835,239,505,276,439,852,762,860,236,626,441
0,0,0,0,0,0,0,0,0,698,706,893,692,539,722,105,576,61,904,893
0,0,0,0,0,0,0,0,0,0,945,705,168,715,390,128,492,934,596,421
0,0,0,0,0,0,0,0,0,0,0,119,625,4,67,533,466,92,625,223
0,0,0,0,0,0,0,0,0,0,0,0,165,623,670,290,684,142,368,712
0,0,0,0,0,0,0,0,0,0,0,0,0,237,43,617,978,220,993,5
0,0,0,0,0,0,0,0,0,0,0,0,0,0,270,326,641,527,704,768
0,0,0,0,0,0,0,0,0,0,0,0,0,0,0,999,445,52,20,939
0,0,0,0,0,0,0,0,0,0,0,0,0,0,0,0,647,65,229,325
0,0,0,0,0,0,0,0,0,0,0,0,0,0,0,0,0,553,159,165
0,0,0,0,0,0,0,0,0,0,0,0,0,0,0,0,0,0,604,932
0,0,0,0,0,0,0,0,0,0,0,0,0,0,0,0,0,0,0,173
0,0,0,0,0,0,0,0,0,0,0,0,0,0,0,0,0,0,0,0
