Number of physical machine types:
3
Resources for each physical machine type:
128,256
64,256
128,128
Available number for each physical machine type:
24
24
24
Activation cost for each physical machine type:
200
150
150
Number of micro-service types:
20
Required number for each micro-service type:
8
2
9
9
2
6
10
5
4
5
2
9
5
3
4
9
6
7
2
4
Resource requirements for each micro-service type:
22,39
13,49
26,32
17,66
25,38
33,28
21,74
31,70
21,75
30,56
24,45
31,50
28,40
37,30
29,68
22,75
27,75
20,65
35,71
32,63
Total invoking flow matrix:
0,490,867,355,801,576,252,967,510,160,763,354,259,555,396,640,891,387,597,691
0,0,798,866,575,359,876,718,986,319,151,498,274,778,698,369,974,930,60,22
0,0,0,215,867,473,189,648,87,115,64,527,526,295,696,60,494,272,695,795
0,0,0,0,261,165,532,948,267,740,805,868,186,208,514,230,708,444,683,409
0,0,0,0,0,691,228,144,622,399,789,293,752,221,387,213,82,3,40,177
0,0,0,0,0,0,5,399,23,597,28,69,150,456,508,510,136,5,536,623
0,0,0,0,0,0,0,989,724,729,753,141,291,145,311,598,225,703,278,302
0,0,0,0,0,0,0,0,230,782,613,226,570,867,272,93,564,126,594,184
0,0,0,0,0,0,0,0,0,531,672,309,462,41,30,840,610,550,540,930
0,0,0,0,0,0,0,0,0,0,729,986,337,479,527,838,546,869,573,108
0,0,0,0,0,0,0,0,0,0,0,714,194,703,95,737,86,66,676,888
0,0,0,0,0,0,0,0,0,0,0,0,798,433,88,923,371,23,49,106
0,0,0,0,0,0,0,0,0,0,0,0,0,865,786,456,416,331,150,249
0,0,0,0,0,0,0,0,0,0,0,0,0,0,819,638,377,69,729,850
0,0,0,0,0,0,0,0,0,0,0,0,0,0,0,693,518,532,795,972
0,0,0,0,0,0,0,0,0,0,0,0,0,0,0,0,510,151,132,438
0,0,0,0,0,0,0,0,0,0,0,0,0,0,0,0,0,865,808,391
0,0,0,0,0,0,0,0,0,0,0,0,0,0,0,0,0,0,164,243
0,0,0,0,0,0,0,0,0,0,0,0,0,0,0,0,0,0,0,663
0,0,0,0,0,0,0,0,0,0,0,0,0,0,0,0,0,0,0,0
