Number of physical machine types:
3
Resources for each physical machine type:
128,256
64,256
128,128
Available number for each physical machine type:
24
24
24
Activation cost for each physical machine type:
200
150
150
Number of micro-service types:
20
Required number for each micro-service type:
4
6
3
8
9
5
1
2
4
2
10
3
8
6
9
9
4
2
10
10
Resource requirements for each micro-service type:
18,49
29,63
24,40
16,38
16,31
29,60
26,26
22,27
22,32
37,60
21,56
17,76
15,57
20,40
32,41
35,33
27,74
19,64
18,33
26,29
Total invoking flow matrix:
0,632,3,804,423,996,909,689,417,533,760,415,226,804,358,290,71,795,20,857
0,0,565,717,884,208,938,675,521,160,179,14,624,642,937,934,844,363,547,430
0,0,0,19,576,547,757,312,652,345,437,272,609,425,253,506,301,994,665,88
0,0,0,0,674,759,731,144,160,911,825,96,19,286,180,419,567,458,630,83
0,0,0,0,0,128,97,590,555,998,400,504,983,762,341,282,565,770,329,122
0,0,0,0,0,0,756,734,213,276,92,567,322,100,102,468,368,447,684,389
0,0,0,0,0,0,0,871,889,323,918,299,592,795,194,273,799,28,598,917
0,0,0,0,0,0,0,0,341,498,4,181,427,852,436,804,153,391,418,707
0,0,0,0,0,0,0,0,0,179,318,579,608,11,741,941,842,524,223,700
0,0,0,0,0,0,0,0,0,0,966,768,520,982,473,451,607,295,943,431
0,0,0,0,0,0,0,0,0,0,0,848,838,759,687,398,407,278,950,554
0,0,0,0,0,0,0,0,0,0,0,0,248,475,736,30,602,619,648,285
0,0,0,0,0,0,0,0,0,0,0,0,0,58,491,523,938,41,368,335
0,0,0,0,0,0,0,0,0,0,0,0,0,0,266,187,411,214,460,48
0,0,0,0,0,0,0,0,0,0,0,0,0,0,0,705,81,477,171,576
0,0,0,0,0,0,0,0,0,0,0,0,0,0,0,0,1,210,584,133
0,0,0,0,0,0,0,0,0,0,0,0,0,0,0,0,0,972,241,742
0,0,0,0,0,0,0,0,0,0,0,0,0,0,0,0,0,0,891,476
0,0,0,0,0,0,0,0,0,0,0,0,0,0,0,0,0,0,0,138
0,0,0,0,0,0,0,0,0,0,0,0,0,0,0,0,0,0,0,0
