Number of physical machine types:
3
Resources for each physical machine type:
128,256
64,256
128,128
Available number for each physical machine type:
25
25
25
Activation cost for each physical machine type:
200
150
150
Number of micro-service types:
20
Required number for each micro-service type:
9
9
5
7
8
9
4
8
2
7
7
3
9
9
2
2
4
9
3
2
Resource requirements for each micro-service type:
34,68
14,29
15,46
21,27
17,73
22,69
15,62
23,38
36,31
34,66
27,68
33,27
30,27
31,28
16,52
37,50
15,67
19,70
36,28
31,55
Total invoking flow matrix:
0,269,709,816,767,602,219,4,336,67,855,195,304,970,449,340,240,977,22,424
0,0,861,757,550,944,26,924,609,455,876,657,150,352,861,7,117,868,0,816
0,0,0,912,6,459,691,949,873,795,348,590,373,341,89,87,174,385,183,992
0,0,0,0,190,45,732,923,919,568,812,365,856,338,321,37,881,112,485,76
0,0,0,0,0,467,903,403,373,465,309,959,373,332,216,948,521,851,133,763
0,0,0,0,0,0,671,318,939,617,927,157,112,335,368,377,329,518,654,208
0,0,0,0,0,0,0,685,144,552,155,379,437,366,483,141,867,502,503,586
0,0,0,0,0,0,0,0,799,975,284,881,900,778,753,130,788,626,851,724
0,0,0,0,0,0,0,0,0,88,53,573,148,474,372,431,686,857,932,60
0,0,0,0,0,0,0,0,0,0,97,961,546,924,787,862,517,764,27,915
0,0,0,0,0,0,0,0,0,0,0,25,62,671,7,763,299,95,610,586
0,0,0,0,0,0,0,0,0,0,0,0,24,736,6,872,98,683,366,936
0,0,0,0,0,0,0,0,0,0,0,0,0,97,169,184,120,914,222,719
0,0,0,0,0,0,0,0,0,0,0,0,0,0,47,295,60,291,549,761
0,0,0,0,0,0,0,0,0,0,0,0,0,0,0,979,833,741,140,212
0,0,0,0,0,0,0,0,0,0,0,0,0,0,0,0,335,385,203,884
0,0,0,0,0,0,0,0,0,0,0,0,0,0,0,0,0,409,574,70
0,0,0,0,0,0,0,0,0,0,0,0,0,0,0,0,0,0,124,523
0,0,0,0,0,0,0,0,0,0,0,0,0,0,0,0,0,0,0,252
0,0,0,0,0,0,0,0,0,0,0,0,0,0,0,0,0,0,0,0
