Number of physical machine types:
3
Resources for each physical machine type:
128,256
64,256
128,128
Available number for each physical machine type:
22
22
22
Activation cost for each physical machine type:
200
150
150
Number of micro-service types:
20
Required number for each micro-service type:
3
5
1
7
3
4
8
10
3
5
4
10
3
10
1
8
6
2
5
7
Resource requirements for each micro-service type:
16,43
29,53
22,51
30,39
22,33
20,70
24,45
20,68
23,49
23,34
30,60
25,54
28,27
21,40
36,65
16,32
14,61
37,60
30,29
22,30
Total invoking flow matrix:
0,547,251,64,314,956,967,735,716,59,677,543,269,101,394,283,931,495,472,22
0,0,378,100,443,164,426,747,83,19,27,76,276,654,515,552,762,264,774,640
0,0,0,630,317,799,277,24,67,646,564,5,432,993,103,142,912,969,737,194
0,0,0,0,408,95,456,64,199,455,951,976,558,950,861,730,39,276,289,136
0,0,0,0,0,769,818,425,998,481,903,21,30,597,195,857,113,133,892,913
0,0,0,0,0,0,55,673,295,432,981,573,106,164,115,609,590,984,283,553
0,0,0,0,0,0,0,214,42,680,47,682,2,912,289,443,139,798,829,906
0,0,0,0,0,0,0,0,16,843,598,588,844,771,837,178,597,31,907,294
0,0,0,0,0,0,0,0,0,641,582,920,998,77,0,273,453,114,49,281
0,0,0,0,0,0,0,0,0,0,733,505,30,938,496,401,119,206,159,858
0,0,0,0,0,0,0,0,0,0,0,406,340,359,46,379,26,142,359,56
0,0,0,0,0,0,0,0,0,0,0,0,993,764,160,392,893,622,413,511
0,0,0,0,0,0,0,0,0,0,0,0,0,800,355,26,874,713,373,175
0,0,0,0,0,0,0,0,0,0,0,0,0,0,160,594,726,546,698,37
0,0,0,0,0,0,0,0,0,0,0,0,0,0,0,550,390,860,585,120
0,0,0,0,0,0,0,0,0,0,0,0,0,0,0,0,687,961,559,717
0,0,0,0,0,0,0,0,0,0,0,0,0,0,0,0,0,969,416,841
0,0,0,0,0,0,0,0,0,0,0,0,0,0,0,0,0,0,27,669
0,0,0,0,0,0,0,0,0,0,0,0,0,0,0,0,0,0,0,79
0,0,0,0,0,0,0,0,0,0,0,0,0,0,0,0,0,0,0,0
