Number of physical machine types:
3
Resources for each physical machine type:
128,256
64,256
128,128
Available number for each physical machine type:
18
18
18
Activation cost for each physical machine type:
200
150
150
Number of micro-service types:
20
Required number for each micro-service type:
8
1
4
9
5
5
7
4
2
7
2
9
2
4
2
1
5
1
3
1
Resource requirements for each micro-service type:
18,41
38,54
38,44
25,41
36,64
14,55
16,44
36,30
30,49
26,26
30,59
33,34
13,55
16,72
26,65
22,57
19,47
21,31
20,34
23,37
Total invoking flow matrix:
0,499,911,233,309,842,717,664,320,354,120,563,835,164,649,981,84,416,677,178
0,0,495,4,966,871,370,725,953,303,334,2,925,682,251,97,207,239,637,610
0,0,0,815,634,35,395,679,718,180,475,878,850,120,797,537,838,869,407,554
0,0,0,0,739,161,472,848,587,607,795,17,200,234,982,293,130,101,182,308
0,0,0,0,0,322,218,630,741,890,808,986,634,748,298,633,304,172,508,868
0,0,0,0,0,0,74,804,718,733,96,859,735,93,353,410,5,701,341,878
0,0,0,0,0,0,0,838,785,449,961,145,810,11,521,685,575,96,349,459
0,0,0,0,0,0,0,0,219,434,678,737,158,754,688,428,75,126,661,593
0,0,0,0,0,0,0,0,0,761,789,973,100,893,360,648,749,948,809,261
0,0,0,0,0,0,0,0,0,0,592,390,959,243,372,66,191,887,145,140
0,0,0,0,0,0,0,0,0,0,0,407,886,860,156,411,163,585,344,531
0,0,0,0,0,0,0,0,0,0,0,0,345,477,406,947,980,428,448,686
0,0,0,0,0,0,0,0,0,0,0,0,0,126,778,692,307,206,114,166
0,0,0,0,0,0,0,0,0,0,0,0,0,0,981,972,263,219,713,803
0,0,0,0,0,0,0,0,0,0,0,0,0,0,0,924,114,340,436,363
0,0,0,0,0,0,0,0,0,0,0,0,0,0,0,0,7,4,557,950
0,0,0,0,0,0,0,0,0,0,0,0,0,0,0,0,0,680,473,329
0,0,0,0,0,0,0,0,0,0,0,0,0,0,0,0,0,0,209,159
0,0,0,0,0,0,0,0,0,0,0,0,0,0,0,0,0,0,0,465
0,0,0,0,0,0,0,0,0,0,0,0,0,0,0,0,0,0,0,0
