Number of physical machine types:
3
Resources for each physical machine type:
128,256
64,256
128,128
Available number for each physical machine type:
25
25
25
Activation cost for each physical machine type:
200
150
150
Number of micro-service types:
20
Required number for each micro-service type:
1
3
2
5
7
7
3
9
1
9
3
9
6
3
6
10
8
5
10
9
Resource requirements for each micro-service type:
20,33
32,37
32,28
15,74
14,62
33,34
18,71
30,40
36,27
25,70
16,40
17,74
18,42
24,65
38,75
34,43
16,33
23,31
17,32
18,57
Total invoking flow matrix:
0,660,497,471,849,889,264,865,833,374,150,317,883,211,830,959,79,421,409,548
0,0,307,234,805,213,875,591,682,775,242,3,137,504,486,887,290,562,508,634
0,0,0,298,138,778,768,891,344,682,479,293,997,743,760,741,116,766,602,486
0,0,0,0,544,342,475,940,267,460,632,688,268,500,224,189,254,661,538,216
0,0,0,0,0,759,653,908,664,338,538,989,941,657,198,257,450,330,772,123
0,0,0,0,0,0,584,338,107,565,550,870,94,72,440,93,500,264,197,772
0,0,0,0,0,0,0,263,857,273,669,938,528,134,988,807,250,184,849,577
0,0,0,0,0,0,0,0,108,955,842,502,725,50,989,821,507,307,156,501
0,0,0,0,0,0,0,0,0,745,328,59,252,146,786,71,86,531,868,692
0,0,0,0,0,0,0,0,0,0,562,371,364,989,711,883,209,240,241,652
0,0,0,0,0,0,0,0,0,0,0,686,887,345,224,61,622,24,63,836
0,0,0,0,0,0,0,0,0,0,0,0,823,833,34,128,781,605,917,115
0,0,0,0,0,0,0,0,0,0,0,0,0,394,182,41,295,781,656,255
0,0,0,0,0,0,0,0,0,0,0,0,0,0,922,863,348,987,201,688
0,0,0,0,0,0,0,0,0,0,0,0,0,0,0,617,261,235,658,539
0,0,0,0,0,0,0,0,0,0,0,0,0,0,0,0,319,1,524,967
0,0,0,0,0,0,0,0,0,0,0,0,0,0,0,0,0,532,403,221
0,0,0,0,0,0,0,0,0,0,0,0,0,0,0,0,0,0,764,743
0,0,0,0,0,0,0,0,0,0,0,0,0,0,0,0,0,0,0,348
0,0,0,0,0,0,0,0,0,0,0,0,0,0,0,0,0,0,0,0
