Number of physical machine types:
3
Resources for each physical machine type:
128,256
64,256
128,128
Available number for each physical machine type:
26
26
26
Activation cost for each physical machine type:
200
150
150
Number of micro-service types:
20
Required number for each micro-service type:
10
10
5
10
6
1
1
7
8
3
2
9
2
8
9
9
4
4
8
8
Resource requirements for each micro-service type:
15,72
24,63
28,32
17,68
24,43
28,61
31,30
17,31
34,35
24,60
26,49
24,73
29,46
19,43
16,65
22,37
31,61
28,30
29,70
21,60
Total invoking flow matrix:
0,720,384,116,771,889,719,238,998,143,528,981,688,23,948,431,639,491,617,708
0,0,817,729,102,348,744,361,524,980,633,629,657,29,523,62,577,935,317,341
0,0,0,411,698,796,652,66,688,317,84,631,18,706,158,494,766,929,967,299
0,0,0,0,764,412,54,316,403,123,61,793,286,198,616,522,752,693,575,124
0,0,0,0,0,988,149,596,795,17,705,502,68,954,764,470,775,46,517,695
0,0,0,0,0,0,483,387,659,17,227,502,842,112,538,934,131,773,962,46
0,0,0,0,0,0,0,174,921,744,858,678,190,661,321,254,406,475,104,509
0,0,0,0,0,0,0,0,836,201,678,891,965,684,462,159,581,963,126,310
0,0,0,0,0,0,0,0,0,254,368,629,248,824,39,979,723,112,50,735
0,0,0,0,0,0,0,0,0,0,851,550,762,406,534,146,540,571,169,477
0,0,0,0,0,0,0,0,0,0,0,885,940,752,545,420,924,966,566,5
0,0,0,0,0,0,0,0,0,0,0,0,642,926,623,812,96,814,422,723
0,0,0,0,0,0,0,0,0,0,0,0,0,506,958,460,695,331,537,110
0,0,0,0,0,0,0,0,0,0,0,0,0,0,470,24,702,499,291,139
0,0,0,0,0,0,0,0,0,0,0,0,0,0,0,332,510,238,365,119
0,0,0,0,0,0,0,0,0,0,0,0,0,0,0,0,615,907,798,86
0,0,0,0,0,0,0,0,0,0,0,0,0,0,0,0,0,613,163,886
0,0,0,0,0,0,0,0,0,0,0,0,0,0,0,0,0,0,166,196
0,0,0,0,0,0,0,0,0,0,0,0,0,0,0,0,0,0,0,144
0,0,0,0,0,0,0,0,0,0,0,0,0,0,0,0,0,0,0,0
