Number of physical machine types:
3
Resources for each physical machine type:
128,256
64,256
128,128
Available number for each physical machine type:
24
24
24
Activation cost for each physical machine type:
200
150
150
Number of micro-service types:
20
Required number for each micro-service type:
6
2
3
8
3
5
8
4
5
9
3
3
6
2
9
6
10
3
8
8
Resource requirements for each micro-service type:
26,59
32,59
17,56
26,36
27,34
36,61
19,37
13,31
37,37
36,38
22,44
23,27
23,66
20,33
23,61
16,49
14,40
36,70
22,54
38,34
Total invoking flow matrix:
0,188,493,33,490,311,779,353,354,625,344,691,515,247,315,224,181,481,898,97
0,0,246,573,633,956,650,951,476,125,908,605,983,956,790,808,709,512,998,616
0,0,0,955,920,392,301,746,788,114,737,561,600,519,538,360,619,467,60,467
0,0,0,0,993,570,144,854,894,498,290,982,416,510,649,879,807,919,58,549
0,0,0,0,0,169,394,280,993,751,808,775,597,832,110,789,723,159,116,266
0,0,0,0,0,0,336,615,390,12,331,182,281,340,878,463,221,603,125,913
0,0,0,0,0,0,0,972,943,886,139,235,999,459,388,240,737,854,333,55
0,0,0,0,0,0,0,0,179,470,818,135,423,859,483,794,776,356,309,352
0,0,0,0,0,0,0,0,0,222,26,656,478,373,352,944,439,760,571,810
0,0,0,0,0,0,0,0,0,0,174,123,958,283,238,111,877,77,981,103
0,0,0,0,0,0,0,0,0,0,0,47,458,891,786,894,917,124,201,447
0,0,0,0,0,0,0,0,0,0,0,0,868,139,927,289,383,461,162,619
0,0,0,0,0,0,0,0,0,0,0,0,0,536,698,532,159,65,477,619
0,0,0,0,0,0,0,0,0,0,0,0,0,0,376,829,640,759,36,444
0,0,0,0,0,0,0,0,0,0,0,0,0,0,0,66,365,222,314,53
0,0,0,0,0,0,0,0,0,0,0,0,0,0,0,0,167,979,549,928
0,0,0,0,0,0,0,0,0,0,0,0,0,0,0,0,0,639,531,397
0,0,0,0,0,0,0,0,0,0,0,0,0,0,0,0,0,0,995,180
0,0,0,0,0,0,0,0,0,0,0,0,0,0,0,0,0,0,0,740
0,0,0,0,0,0,0,0,0,0,0,0,0,0,0,0,0,0,0,0
