Number of physical machine types:
3
Resources for each physical machine type:
128,256
64,256
128,128
Available number for each physical machine type:
27
27
27
Activation cost for each physical machine type:
200
150
150
Number of micro-service types:
20
Required number for each micro-service type:
5
3
3
11
8
13
4
6
4
15
12
1
1
2
14
3
12
7
4
2
Resource requirements for each micro-service type:
25,28
35,37
22,65
13,30
19,34
23,40
29,76
24,68
33,52
23,54
32,62
31,38
17,45
30,75
16,32
37,30
16,59
14,44
32,54
35,44
Total invoking flow matrix:
0,636,221,308,965,888,266,710,826,76,978,845,81,926,527,477,46,249,750,567
0,0,586,937,973,689,272,450,484,489,273,964,964,433,695,156,814,716,241,115
0,0,0,848,908,121,614,930,569,35,494,231,435,316,840,218,585,548,207,320
0,0,0,0,824,823,474,765,533,35,54,596,704,207,799,531,151,11,853,163
0,0,0,0,0,71,52,236,265,410,691,576,661,968,592,398,213,609,789,847
0,0,0,0,0,0,132,948,156,796,582,364,455,214,129,680,247,857,477,3
0,0,0,0,0,0,0,608,65,397,651,184,900,193,434,621,718,433,588,103
0,0,0,0,0,0,0,0,839,802,759,120,334,206,397,690,502,883,282,705
0,0,0,0,0,0,0,0,0,819,438,834,289,811,330,221,100,600,986,59
0,0,0,0,0,0,0,0,0,0,257,273,366,162,403,497,665,294,73,988
0,0,0,0,0,0,0,0,0,0,0,643,735,427,161,10,446,114,196,664
0,0,0,0,0,0,0,0,0,0,0,0,145,78,385,60,651,358,57,802
0,0,0,0,0,0,0,0,0,0,0,0,0,950,575,536,6,412,404,98
0,0,0,0,0,0,0,0,0,0,0,0,0,0,552,834,364,741,711,695
0,0,0,0,0,0,0,0,0,0,0,0,0,0,0,214,430,323,715,843
0,0,0,0,0,0,0,0,0,0,0,0,0,0,0,0,467,671,524,899
0,0,0,0,0,0,0,0,0,0,0,0,0,0,0,0,0,666,109,195
0,0,0,0,0,0,0,0,0,0,0,0,0,0,0,0,0,0,523,253
0,0,0,0,0,0,0,0,0,0,0,0,0,0,0,0,0,0,0,886
0,0,0,0,0,0,0,0,0,0,0,0,0,0,0,0,0,0,0,0
