Number of physical machine types:
3
Resources for each physical machine type:
128,256
64,256
128,128
Available number for each physical machine type:
43
43
43
Activation cost for each physical machine type:
200
150
150
Number of micro-service types:
20
Required number for each micro-service type:
13
15
6
9
12
14
11
15
12
5
13
9
2
7
12
13
11
10
9
12
Resource requirements for each micro-service type:
22,38
27,67
14,37
32,31
22,65
29,63
16,76
13,32
33,61
22,40
13,71
20,30
34,64
38,39
18,47
27,38
13,38
16,61
38,64
13,28
Total invoking flow matrix:
0,433,948,271,59,522,713,742,626,653,147,788,335,340,445,704,216,496,115,860
0,0,400,775,795,72,234,598,814,720,945,249,788,455,656,158,304,601,122,883
0,0,0,139,562,498,920,136,763,99,205,646,331,576,656,545,698,764,405,183
0,0,0,0,753,62,343,825,51,727,202,780,586,488,878,887,194,626,593,170
0,0,0,0,0,846,227,114,354,169,134,909,451,216,94,107,229,144,219,615
0,0,0,0,0,0,678,700,114,810,873,252,828,616,306,555,83,42,41,465
0,0,0,0,0,0,0,14,524,239,694,637,450,781,229,797,452,480,661,255
0,0,0,0,0,0,0,0,433,640,700,917,648,841,682,265,840,741,691,270
0,0,0,0,0,0,0,0,0,544,484,945,774,978,216,675,330,153,279,767
0,0,0,0,0,0,0,0,0,0,163,513,956,504,40,122,967,223,823,395
0,0,0,0,0,0,0,0,0,0,0,354,964,190,347,805,910,583,650,191
0,0,0,0,0,0,0,0,0,0,0,0,250,26,704,522,790,455,407,279
0,0,0,0,0,0,0,0,0,0,0,0,0,341,829,68,319,292,398,6
0,0,0,0,0,0,0,0,0,0,0,0,0,0,326,519,195,596,474,536
0,0,0,0,0,0,0,0,0,0,0,0,0,0,0,103,752,437,604,356
0,0,0,0,0,0,0,0,0,0,0,0,0,0,0,0,282,586,440,791
0,0,0,0,0,0,0,0,0,0,0,0,0,0,0,0,0,638,632,544
0,0,0,0,0,0,0,0,0,0,0,0,0,0,0,0,0,0,688,101
0,0,0,0,0,0,0,0,0,0,0,0,0,0,0,0,0,0,0,25
0,0,0,0,0,0,0,0,0,0,0,0,0,0,0,0,0,0,0,0
