Number of physical machine types:
3
Resources for each physical machine type:
128,256
64,256
128,128
Available number for each physical machine type:
38
38
38
Activation cost for each physical machine type:
200
150
150
Number of micro-service types:
20
Required number for each micro-service type:
8
8
2
12
3
9
15
9
11
3
13
8
12
5
13
14
5
4
15
13
Resource requirements for each micro-service type:
32,27
19,68
26,68
25,64
20,50
17,53
27,33
35,71
18,73
18,40
38,66
16,69
37,34
17,73
29,33
31,31
17,48
27,69
19,35
22,34
Total invoking flow matrix:
0,851,890,600,574,295,751,369,589,108,268,97,706,369,221,584,951,789,867,845
0,0,684,326,414,586,480,120,769,161,776,724,84,697,165,490,186,564,784,346
0,0,0,96,196,786,178,74,990,593,801,611,314,841,177,540,395,607,471,415
0,0,0,0,225,673,561,774,5,70,200,319,293,154,719,42,535,789,817,385
0,0,0,0,0,662,228,31,939,349,561,71,933,673,234,291,506,950,499,236
0,0,0,0,0,0,832,694,597,609,355,691,417,618,466,941,127,894,282,579
0,0,0,0,0,0,0,942,497,500,763,435,957,508,960,19,999,474,147,177
0,0,0,0,0,0,0,0,356,695,916,118,607,506,56,50,768,84,130,525
0,0,0,0,0,0,0,0,0,108,502,424,720,354,368,590,129,481,32,612
0,0,0,0,0,0,0,0,0,0,404,301,696,959,575,124,585,161,575,136
0,0,0,0,0,0,0,0,0,0,0,699,792,195,455,93,302,455,330,287
0,0,0,0,0,0,0,0,0,0,0,0,179,529,116,198,325,164,314,217
0,0,0,0,0,0,0,0,0,0,0,0,0,963,627,335,132,466,841,425
0,0,0,0,0,0,0,0,0,0,0,0,0,0,773,607,3,568,617,337
0,0,0,0,0,0,0,0,0,0,0,0,0,0,0,160,470,901,864,956
0,0,0,0,0,0,0,0,0,0,0,0,0,0,0,0,3,714,245,501
0,0,0,0,0,0,0,0,0,0,0,0,0,0,0,0,0,981,1000,993
0,0,0,0,0,0,0,0,0,0,0,0,0,0,0,0,0,0,271,750
0,0,0,0,0,0,0,0,0,0,0,0,0,0,0,0,0,0,0,532
0,0,0,0,0,0,0,0,0,0,0,0,0,0,0,0,0,0,0,0
