Number of physical machine types:
3
Resources for each physical machine type:
128,256
64,256
128,128
Available number for each physical machine type:
42
42
42
Activation cost for each physical machine type:
200
150
150
Number of micro-service types:
20
Required number for each micro-service type:
15
1
11
12
13
9
2
11
12
6
13
15
9
14
6
5
12
12
14
12
Resource requirements for each micro-service type:
20,53
30,36
36,33
19,28
19,74
17,32
20,31
26,66
32,71
27,39
27,45
26,67
14,32
38,30
37,55
17,46
24,27
21,30
30,67
34,58
Total invoking flow matrix:
0,594,906,176,496,937,63,576,98,236,942,83,341,407,350,302,580,192,897,207
0,0,358,429,678,565,699,166,658,183,378,315,12,193,522,49,932,577,131,823
0,0,0,783,659,553,841,847,172,481,893,351,626,940,852,924,424,858,99,364
0,0,0,0,624,889,838,872,265,945,866,693,314,301,962,130,878,494,3,373
0,0,0,0,0,197,135,965,158,843,786,26,912,467,634,804,65,182,816,296
0,0,0,0,0,0,412,358,678,979,884,857,746,356,536,598,553,588,258,568
0,0,0,0,0,0,0,107,855,708,232,585,738,464,97,712,228,674,475,450
0,0,0,0,0,0,0,0,826,235,367,267,440,412,403,489,193,853,590,680
0,0,0,0,0,0,0,0,0,350,952,340,427,291,968,199,71,652,182,839
0,0,0,0,0,0,0,0,0,0,347,884,167,421,490,192,795,700,797,199
0,0,0,0,0,0,0,0,0,0,0,445,223,807,938,13,943,286,190,545
0,0,0,0,0,0,0,0,0,0,0,0,71,202,73,18,245,338,276,666
0,0,0,0,0,0,0,0,0,0,0,0,0,866,278,908,328,129,125,93
0,0,0,0,0,0,0,0,0,0,0,0,0,0,839,186,240,567,129,54
0,0,0,0,0,0,0,0,0,0,0,0,0,0,0,853,793,200,363,722
0,0,0,0,0,0,0,0,0,0,0,0,0,0,0,0,394,476,783,402
0,0,0,0,0,0,0,0,0,0,0,0,0,0,0,0,0,136,110,660
0,0,0,0,0,0,0,0,0,0,0,0,0,0,0,0,0,0,416,264
0,0,0,0,0,0,0,0,0,0,0,0,0,0,0,0,0,0,0,327
0,0,0,0,0,0,0,0,0,0,0,0,0,0,0,0,0,0,0,0
