Number of physical machine types:
3
Resources for each physical machine type:
128,256
64,256
128,128
Available number for each physical machine type:
35
35
35
Activation cost for each physical machine type:
200
150
150
Number of micro-service types:
20
Required number for each micro-service type:
14
10
5
12
4
4
3
14
12
9
1
15
7
15
13
5
9
1
3
10
Resource requirements for each micro-service type:
35,74
19,60
25,61
31,75
34,37
36,63
23,68
14,76
27,38
31,57
19,37
25,49
25,35
30,65
38,57
26,35
38,77
27,47
28,36
20,49
Total invoking flow matrix:
0,852,381,297,444,987,693,113,987,705,190,420,619,936,823,88,970,821,887,527
0,0,715,872,716,246,223,169,776,276,249,300,831,336,956,593,121,161,677,212
0,0,0,917,904,433,577,357,71,79,601,437,524,112,710,277,893,851,867,230
0,0,0,0,636,205,461,232,89,273,223,878,813,799,640,955,501,990,23,609
0,0,0,0,0,147,321,986,791,338,924,221,425,196,581,26,628,477,876,602
0,0,0,0,0,0,104,945,650,975,343,108,965,887,265,60,134,79,808,579
0,0,0,0,0,0,0,189,788,842,714,295,618,321,332,215,808,368,440,85
0,0,0,0,0,0,0,0,680,450,541,224,874,903,961,601,954,30,496,699
0,0,0,0,0,0,0,0,0,602,965,263,890,991,186,362,868,461,985,231
0,0,0,0,0,0,0,0,0,0,418,663,494,675,594,428,414,843,142,600
0,0,0,0,0,0,0,0,0,0,0,975,388,109,213,345,802,492,173,564
0,0,0,0,0,0,0,0,0,0,0,0,58,559,401,995,738,748,172,32
0,0,0,0,0,0,0,0,0,0,0,0,0,683,233,824,15,987,611,201
0,0,0,0,0,0,0,0,0,0,0,0,0,0,348,364,301,626,924,123
0,0,0,0,0,0,0,0,0,0,0,0,0,0,0,266,143,508,818,21
0,0,0,0,0,0,0,0,0,0,0,0,0,0,0,0,359,853,214,638
0,0,0,0,0,0,0,0,0,0,0,0,0,0,0,0,0,443,25,881
0,0,0,0,0,0,0,0,0,0,0,0,0,0,0,0,0,0,994,79
0,0,0,0,0,0,0,0,0,0,0,0,0,0,0,0,0,0,0,932
0,0,0,0,0,0,0,0,0,0,0,0,0,0,0,0,0,0,0,0
