Number of physical machine types:
3
Resources for each physical machine type:
128,256
64,256
128,128
Available number for each physical machine type:
26
26
26
Activation cost for each physical machine type:
200
150
150
Number of micro-service types:
20
Required number for each micro-service type:
6
5
2
4
3
6
11
3
7
8
2
11
6
2
8
10
9
8
6
6
Resource requirements for each micro-service type:
24,56
29,62
15,30
21,35
28,44
35,29
32,34
27,59
32,50
21,31
38,47
21,30
14,56
16,63
32,66
33,48
19,72
23,72
14,62
23,68
Total invoking flow matrix:
0,922,861,336,49,438,363,448,487,2,643,722,504,882,48,683,816,394,249,357
0,0,374,640,917,541,499,516,769,107,387,993,476,575,761,777,312,76,368,646
0,0,0,873,941,373,264,179,978,989,307,399,994,121,255,355,430,428,94,705
0,0,0,0,330,554,332,919,617,556,683,461,62,946,582,913,193,245,280,488
0,0,0,0,0,867,47,31,770,229,107,809,661,20,546,428,571,445,750,255
0,0,0,0,0,0,485,387,289,879,555,332,913,67,475,565,959,158,413,180
0,0,0,0,0,0,0,200,604,492,185,229,631,268,564,591,52,955,386,769
0,0,0,0,0,0,0,0,111,711,833,395,435,87,740,947,590,17,996,136
0,0,0,0,0,0,0,0,0,1,400,965,442,813,216,467,943,863,913,49
0,0,0,0,0,0,0,0,0,0,329,856,626,28,626,918,643,202,556,433
0,0,0,0,0,0,0,0,0,0,0,67,91,24,735,753,143,682,778,486
0,0,0,0,0,0,0,0,0,0,0,0,91,178,655,702,784,307,244,841
0,0,0,0,0,0,0,0,0,0,0,0,0,633,704,781,867,256,762,128
0,0,0,0,0,0,0,0,0,0,0,0,0,0,889,196,918,946,560,833
0,0,0,0,0,0,0,0,0,0,0,0,0,0,0,962,814,481,807,842
0,0,0,0,0,0,0,0,0,0,0,0,0,0,0,0,241,628,417,207
0,0,0,0,0,0,0,0,0,0,0,0,0,0,0,0,0,848,981,540
0,0,0,0,0,0,0,0,0,0,0,0,0,0,0,0,0,0,485,379
0,0,0,0,0,0,0,0,0,0,0,0,0,0,0,0,0,0,0,804
0,0,0,0,0,0,0,0,0,0,0,0,0,0,0,0,0,0,0,0
