Number of physical machine types:
3
Resources for each physical machine type:
128,256
64,256
128,128
Available number for each physical machine type:
34
34
34
Activation cost for each physical machine type:
200
150
150
Number of micro-service types:
20
Required number for each micro-service type:
7
12
14
10
8
12
14
3
14
11
4
3
10
3
4
12
5
7
7
4
Resource requirements for each micro-service type:
28,28
31,60
35,54
22,70
29,47
20,47
36,64
33,34
15,71
34,66
30,71
27,47
28,60
14,46
27,38
25,52
22,73
25,43
36,61
25,65
Total invoking flow matrix:
0,135,513,931,465,226,57,356,744,682,397,537,176,526,534,377,812,856,429,889
0,0,150,586,814,671,401,987,16,113,435,196,848,139,635,339,131,680,900,971
0,0,0,860,871,307,186,285,149,57,737,307,795,145,21,34,873,597,66,866
0,0,0,0,443,51,108,353,203,253,882,158,897,645,938,698,92,469,851,83
0,0,0,0,0,939,180,90,360,208,205,687,791,761,841,978,868,423,717,100
0,0,0,0,0,0,423,456,29,610,282,691,877,202,52,627,35,728,495,156
0,0,0,0,0,0,0,753,945,778,566,300,140,764,139,749,389,454,144,273
0,0,0,0,0,0,0,0,887,468,136,706,607,187,800,409,908,42,6,833
0,0,0,0,0,0,0,0,0,679,410,349,941,978,286,317,342,16,356,633
0,0,0,0,0,0,0,0,0,0,175,11,819,45,691,764,634,162,197,196
0,0,0,0,0,0,0,0,0,0,0,115,188,570,786,141,169,556,973,110
0,0,0,0,0,0,0,0,0,0,0,0,465,42,499,124,330,720,735,284
0,0,0,0,0,0,0,0,0,0,0,0,0,161,837,263,583,352,682,139
0,0,0,0,0,0,0,0,0,0,0,0,0,0,475,115,360,782,846,215
0,0,0,0,0,0,0,0,0,0,0,0,0,0,0,390,641,241,859,697
0,0,0,0,0,0,0,0,0,0,0,0,0,0,0,0,732,876,478,502
0,0,0,0,0,0,0,0,0,0,0,0,0,0,0,0,0,286,417,473
0,0,0,0,0,0,0,0,0,0,0,0,0,0,0,0,0,0,290,738
0,0,0,0,0,0,0,0,0,0,0,0,0,0,0,0,0,0,0,680
0,0,0,0,0,0,0,0,0,0,0,0,0,0,0,0,0,0,0,0
