Number of physical machine types:
3
Resources for each physical machine type:
128,256
64,256
128,128
Available number for each physical machine type:
34
34
34
Activation cost for each physical machine type:
200
150
150
Number of micro-service types:
20
Required number for each micro-service type:
3
14
11
14
5
15
15
2
2
3
4
3
12
5
6
7
9
13
6
14
Resource requirements for each micro-service type:
13,72
37,70
29,41
20,56
14,31
23,43
21,42
14,28
21,75
36,40
38,28
21,71
27,58
37,73
25,28
29,65
27,38
29,72
29,42
20,65
Total invoking flow matrix:
0,530,262,340,484,766,530,642,339,110,617,191,200,367,815,641,621,243,370,469
0,0,560,473,915,495,744,456,323,895,892,106,969,891,283,733,113,17,376,306
0,0,0,24,992,919,141,436,359,837,162,818,544,913,54,812,464,977,300,917
0,0,0,0,186,174,295,355,768,836,350,526,709,842,962,278,238,250,238,154
0,0,0,0,0,608,31,368,105,166,487,620,414,296,132,870,947,401,231,805
0,0,0,0,0,0,997,237,197,246,109,239,793,148,831,294,670,856,441,863
0,0,0,0,0,0,0,531,841,365,209,127,528,861,545,562,923,421,401,416
0,0,0,0,0,0,0,0,857,146,279,323,656,643,458,185,242,440,119,250
0,0,0,0,0,0,0,0,0,248,468,140,54,587,972,861,516,924,387,925
0,0,0,0,0,0,0,0,0,0,800,449,444,880,519,54,493,382,452,1
0,0,0,0,0,0,0,0,0,0,0,759,690,785,323,253,954,151,978,473
0,0,0,0,0,0,0,0,0,0,0,0,732,959,386,412,117,126,54,538
0,0,0,0,0,0,0,0,0,0,0,0,0,315,998,631,733,406,462,469
0,0,0,0,0,0,0,0,0,0,0,0,0,0,968,536,759,605,650,328
0,0,0,0,0,0,0,0,0,0,0,0,0,0,0,567,658,927,625,243
0,0,0,0,0,0,0,0,0,0,0,0,0,0,0,0,726,386,156,227
0,0,0,0,0,0,0,0,0,0,0,0,0,0,0,0,0,794,868,24
0,0,0,0,0,0,0,0,0,0,0,0,0,0,0,0,0,0,414,756
0,0,0,0,0,0,0,0,0,0,0,0,0,0,0,0,0,0,0,924
0,0,0,0,0,0,0,0,0,0,0,0,0,0,0,0,0,0,0,0
