Number of physical machine types:
3
Resources for each physical machine type:
128,256
64,256
128,128
Available number for each physical machine type:
30
30
30
Activation cost for each physical machine type:
200
150
150
Number of micro-service types:
20
Required number for each micro-service type:
5
2
12
4
9
9
6
7
6
3
10
12
11
7
4
13
4
14
3
2
Resource requirements for each micro-service type:
38,33
26,57
24,47
13,59
33,72
17,72
18,57
31,34
32,70
30,33
20,68
19,61
19,41
24,31
16,65
36,56
23,36
24,68
31,76
38,29
Total invoking flow matrix:
0,690,766,870,836,165,892,390,446,916,249,731,994,590,643,773,70,568,663,71
0,0,531,843,223,334,645,862,548,818,769,908,648,663,233,567,81,837,955,384
0,0,0,689,874,586,212,450,101,563,842,546,466,339,507,882,710,345,766,395
0,0,0,0,490,15,643,429,946,338,785,806,131,688,24,72,227,29,736,919
0,0,0,0,0,718,989,996,444,254,36,637,383,209,485,450,413,707,585,527
0,0,0,0,0,0,20,998,192,492,667,359,165,893,411,144,855,329,713,151
0,0,0,0,0,0,0,277,738,394,973,651,145,148,531,731,946,696,162,847
0,0,0,0,0,0,0,0,76,84,733,106,488,359,790,677,249,69,533,247
0,0,0,0,0,0,0,0,0,375,5,920,805,4,648,399,760,316,706,381
0,0,0,0,0,0,0,0,0,0,821,794,895,530,11,154,571,340,499,454
0,0,0,0,0,0,0,0,0,0,0,55,28,149,594,630,620,503,814,189
0,0,0,0,0,0,0,0,0,0,0,0,483,119,582,735,47,528,718,31
0,0,0,0,0,0,0,0,0,0,0,0,0,672,800,88,896,9,360,316
0,0,0,0,0,0,0,0,0,0,0,0,0,0,22,263,775,790,91,552
0,0,0,0,0,0,0,0,0,0,0,0,0,0,0,761,816,620,800,658
0,0,0,0,0,0,0,0,0,0,0,0,0,0,0,0,247,334,82,931
0,0,0,0,0,0,0,0,0,0,0,0,0,0,0,0,0,700,305,843
0,0,0,0,0,0,0,0,0,0,0,0,0,0,0,0,0,0,432,179
0,0,0,0,0,0,0,0,0,0,0,0,0,0,0,0,0,0,0,52
0,0,0,0,0,0,0,0,0,0,0,0,0,0,0,0,0,0,0,0
