Number of physical machine types:
3
Resources for each physical machine type:
128,256
64,256
128,128
Available number for each physical machine type:
37
37
37
Activation cost for each physical machine type:
200
150
150
Number of micro-service types:
20
Required number for each micro-service type:
6
12
4
8
6
12
11
1
13
8
4
6
6
11
13
13
4
13
13
14
Resource requirements for each micro-service type:
23,28
35,28
14,59
36,39
15,37
15,66
30,61
18,56
15,58
23,42
19,68
15,34
27,55
36,76
19,30
28,42
30,27
31,37
27,61
31,35
Total invoking flow matrix:
0,261,398,447,787,723,445,292,632,678,996,738,266,304,518,413,235,724,184,594
0,0,507,68,237,253,289,653,983,235,13,329,336,237,777,225,64,102,136,757
0,0,0,565,548,573,284,341,61,714,98,19,829,58,920,260,879,446,99,567
0,0,0,0,680,279,812,526,807,35,995,700,728,280,842,819,253,281,591,293
0,0,0,0,0,939,831,932,303,470,496,762,703,93,371,53,901,716,56,366
0,0,0,0,0,0,731,473,639,20,599,560,856,197,863,649,919,50,651,231
0,0,0,0,0,0,0,205,441,602,911,372,608,528,989,348,617,704,510,252
0,0,0,0,0,0,0,0,694,646,356,569,960,937,353,341,632,576,495,996
0,0,0,0,0,0,0,0,0,2,912,932,455,201,123,435,163,151,458,984
0,0,0,0,0,0,0,0,0,0,793,856,156,471,473,522,957,451,450,777
0,0,0,0,0,0,0,0,0,0,0,785,484,165,916,726,156,327,107,327
0,0,0,0,0,0,0,0,0,0,0,0,793,420,177,593,97,261,725,852
0,0,0,0,0,0,0,0,0,0,0,0,0,748,552,231,341,865,885,356
0,0,0,0,0,0,0,0,0,0,0,0,0,0,235,90,22,962,66,811
0,0,0,0,0,0,0,0,0,0,0,0,0,0,0,545,184,952,236,490
0,0,0,0,0,0,0,0,0,0,0,0,0,0,0,0,324,323,400,915
0,0,0,0,0,0,0,0,0,0,0,0,0,0,0,0,0,987,198,914
0,0,0,0,0,0,0,0,0,0,0,0,0,0,0,0,0,0,163,681
0,0,0,0,0,0,0,0,0,0,0,0,0,0,0,0,0,0,0,282
0,0,0,0,0,0,0,0,0,0,0,0,0,0,0,0,0,0,0,0
