Number of physical machine types:
3
Resources for each physical machine type:
128,256
64,256
128,128
Available number for each physical machine type:
35
35
35
Activation cost for each physical machine type:
200
150
150
Number of micro-service types:
20
Required number for each micro-service type:
5
6
13
3
1
14
14
5
10
6
12
14
4
6
7
12
14
5
4
11
Resource requirements for each micro-service type:
37,48
19,39
29,34
33,60
27,30
32,73
37,57
33,28
23,72
13,58
32,33
26,67
14,48
18,26
30,36
32,55
32,66
26,62
30,32
24,48
Total invoking flow matrix:
0,496,372,473,954,558,835,690,808,445,531,225,513,806,870,701,366,495,236,426
0,0,652,215,781,305,511,925,620,188,875,991,785,350,377,849,122,934,259,201
0,0,0,587,45,886,888,434,855,404,756,641,502,673,786,307,921,18,791,122
0,0,0,0,930,653,143,611,869,530,747,420,311,698,596,606,428,515,744,62
0,0,0,0,0,304,383,769,304,340,306,531,980,777,886,548,570,38,847,186
0,0,0,0,0,0,132,713,522,464,395,418,91,255,935,198,771,117,15,597
0,0,0,0,0,0,0,302,312,108,887,485,713,659,623,396,400,685,649,658
0,0,0,0,0,0,0,0,866,309,813,3,660,112,470,118,277,439,936,696
0,0,0,0,0,0,0,0,0,765,707,651,123,383,590,205,694,495,10,357
0,0,0,0,0,0,0,0,0,0,520,850,334,982,479,322,449,100,320,410
0,0,0,0,0,0,0,0,0,0,0,146,930,247,584,867,94,457,258,171
0,0,0,0,0,0,0,0,0,0,0,0,619,483,168,345,883,288,100,306
0,0,0,0,0,0,0,0,0,0,0,0,0,108,794,174,707,928,296,612
0,0,0,0,0,0,0,0,0,0,0,0,0,0,325,71,598,156,325,553
0,0,0,0,0,0,0,0,0,0,0,0,0,0,0,717,23,38,818,819
0,0,0,0,0,0,0,0,0,0,0,0,0,0,0,0,921,771,57,931
0,0,0,0,0,0,0,0,0,0,0,0,0,0,0,0,0,307,241,582
0,0,0,0,0,0,0,0,0,0,0,0,0,0,0,0,0,0,408,749
0,0,0,0,0,0,0,0,0,0,0,0,0,0,0,0,0,0,0,901
0,0,0,0,0,0,0,0,0,0,0,0,0,0,0,0,0,0,0,0
