Number of physical machine types:
3
Resources for each physical machine type:
128,256
64,256
128,128
Available number for each physical machine type:
36
36
36
Activation cost for each physical machine type:
200
150
150
Number of micro-service types:
20
Required number for each micro-service type:
3
12
2
8
10
15
14
1
8
5
14
13
9
15
14
4
5
10
7
2
Resource requirements for each micro-service type:
14,29
13,46
28,47
32,69
29,63
31,40
25,47
38,49
27,55
17,42
23,70
35,39
18,46
19,75
38,64
36,35
22,38
35,33
29,72
21,65
Total invoking flow matrix:
0,569,50,26,639,397,924,572,259,985,748,103,536,387,462,263,417,512,451,154
0,0,791,111,149,930,177,391,710,196,340,688,690,54,32,465,857,500,525,31
0,0,0,823,530,640,263,445,220,442,490,372,244,733,655,329,556,60,435,168
0,0,0,0,617,564,427,204,318,423,719,467,111,257,30,438,719,79,382,41
0,0,0,0,0,868,155,370,568,944,864,364,827,707,519,580,704,44,840,978
0,0,0,0,0,0,814,822,2,545,178,428,12,255,692,633,578,547,558,699
0,0,0,0,0,0,0,622,69,969,935,923,744,502,883,292,285,382,458,216
0,0,0,0,0,0,0,0,373,660,898,928,832,559,207,999,404,922,492,282
0,0,0,0,0,0,0,0,0,557,368,959,690,605,381,231,72,262,188,40
0,0,0,0,0,0,0,0,0,0,249,590,307,80,574,454,578,599,464,888
0,0,0,0,0,0,0,0,0,0,0,954,258,385,115,227,995,351,472,87
0,0,0,0,0,0,0,0,0,0,0,0,452,741,602,538,576,593,409,880
0,0,0,0,0,0,0,0,0,0,0,0,0,345,79,320,972,391,418,401
0,0,0,0,0,0,0,0,0,0,0,0,0,0,435,506,289,230,920,321
0,0,0,0,0,0,0,0,0,0,0,0,0,0,0,18,873,149,959,160
0,0,0,0,0,0,0,0,0,0,0,0,0,0,0,0,8,795,518,820
0,0,0,0,0,0,0,0,0,0,0,0,0,0,0,0,0,168,795,285
0,0,0,0,0,0,0,0,0,0,0,0,0,0,0,0,0,0,972,793
0,0,0,0,0,0,0,0,0,0,0,0,0,0,0,0,0,0,0,886
0,0,0,0,0,0,0,0,0,0,0,0,0,0,0,0,0,0,0,0
