Number of physical machine types:
3
Resources for each physical machine type:
128,256
64,256
128,128
Available number for each physical machine type:
38
38
38
Activation cost for each physical machine type:
200
150
150
Number of micro-service types:
20
Required number for each micro-service type:
5
2
12
13
7
3
13
4
13
13
9
10
15
11
13
13
11
1
12
3
Resource requirements for each micro-service type:
17,75
31,35
28,43
31,56
21,64
13,29
25,55
28,52
32,74
35,38
37,31
34,55
13,43
32,46
38,31
16,42
24,37
29,62
36,28
17,36
Total invoking flow matrix:
0,929,497,371,563,217,514,851,894,762,514,252,898,572,710,212,834,463,526,452
0,0,182,124,472,485,371,765,140,376,694,303,800,658,391,244,231,626,973,797
0,0,0,108,988,739,579,349,579,398,222,602,62,504,433,677,892,529,42,309
0,0,0,0,538,947,892,773,294,563,726,482,275,229,40,594,803,549,751,882
0,0,0,0,0,713,200,179,853,110,331,479,314,968,781,871,885,368,520,812
0,0,0,0,0,0,340,602,532,238,387,892,766,68,436,200,857,376,48,469
0,0,0,0,0,0,0,867,989,764,518,295,802,454,886,230,222,957,789,609
0,0,0,0,0,0,0,0,689,201,207,44,407,205,216,604,430,951,422,188
0,0,0,0,0,0,0,0,0,91,376,647,578,618,774,885,541,925,939,915
0,0,0,0,0,0,0,0,0,0,293,981,4,778,496,252,526,277,942,653
0,0,0,0,0,0,0,0,0,0,0,502,402,429,147,716,554,288,574,945
0,0,0,0,0,0,0,0,0,0,0,0,899,167,671,669,377,901,310,621
0,0,0,0,0,0,0,0,0,0,0,0,0,902,127,608,132,366,947,520
0,0,0,0,0,0,0,0,0,0,0,0,0,0,511,490,454,864,393,988
0,0,0,0,0,0,0,0,0,0,0,0,0,0,0,335,649,284,280,555
0,0,0,0,0,0,0,0,0,0,0,0,0,0,0,0,870,589,273,706
0,0,0,0,0,0,0,0,0,0,0,0,0,0,0,0,0,488,184,778
0,0,0,0,0,0,0,0,0,0,0,0,0,0,0,0,0,0,464,259
0,0,0,0,0,0,0,0,0,0,0,0,0,0,0,0,0,0,0,217
0,0,0,0,0,0,0,0,0,0,0,0,0,0,0,0,0,0,0,0
