Number of physical machine types:
3
Resources for each physical machine type:
128,256
64,256
128,128
Available number for each physical machine type:
36
36
36
Activation cost for each physical machine type:
200
150
150
Number of micro-service types:
20
Required number for each micro-service type:
6
2
4
7
12
8
7
11
12
4
11
4
3
13
13
13
8
15
4
14
Resource requirements for each micro-service type:
23,70
17,71
36,36
34,28
27,53
16,63
15,31
32,28
22,77
28,43
23,40
16,61
23,72
27,32
37,51
29,50
30,62
30,37
26,69
23,33
Total invoking flow matrix:
0,12,365,183,757,35,249,745,857,676,581,447,331,429,771,663,191,114,131,373
0,0,95,635,313,571,991,100,403,768,378,730,928,495,26,995,523,546,289,831
0,0,0,694,541,414,799,234,718,695,728,546,72,735,259,596,706,84,545,573
0,0,0,0,687,451,879,559,839,16,533,60,327,24,1,787,632,501,674,733
0,0,0,0,0,775,660,278,790,442,277,929,109,555,692,20,322,332,953,92
0,0,0,0,0,0,679,307,276,169,448,792,472,726,746,921,755,561,611,701
0,0,0,0,0,0,0,424,849,649,590,760,929,2,694,700,253,778,863,877
0,0,0,0,0,0,0,0,325,237,875,909,687,612,601,217,778,251,628,902
0,0,0,0,0,0,0,0,0,373,579,989,818,716,483,491,910,175,906,726
0,0,0,0,0,0,0,0,0,0,997,429,307,667,162,261,116,57,253,936
0,0,0,0,0,0,0,0,0,0,0,874,61,373,838,20,25,30,502,406
0,0,0,0,0,0,0,0,0,0,0,0,405,297,247,220,907,784,734,291
0,0,0,0,0,0,0,0,0,0,0,0,0,821,499,173,391,551,480,295
0,0,0,0,0,0,0,0,0,0,0,0,0,0,988,587,738,710,726,260
0,0,0,0,0,0,0,0,0,0,0,0,0,0,0,400,81,831,671,494
0,0,0,0,0,0,0,0,0,0,0,0,0,0,0,0,927,669,974,36
0,0,0,0,0,0,0,0,0,0,0,0,0,0,0,0,0,781,259,559
0,0,0,0,0,0,0,0,0,0,0,0,0,0,0,0,0,0,230,325
0,0,0,0,0,0,0,0,0,0,0,0,0,0,0,0,0,0,0,787
0,0,0,0,0,0,0,0,0,0,0,0,0,0,0,0,0,0,0,0
