Number of physical machine types:
3
Resources for each physical machine type:
128,256
64,256
128,128
Available number for each physical machine type:
32
32
32
Activation cost for each physical machine type:
200
150
150
Number of micro-service types:
20
Required number for each micro-service type:
12
11
7
4
7
5
1
14
3
11
10
11
10
4
4
2
5
11
6
14
Resource requirements for each micro-service type:
33,38
32,52
29,48
15,38
18,72
29,53
15,26
37,27
24,30
27,51
26,71
20,49
21,67
27,26
33,65
22,75
37,30
16,58
27,62
31,70
Total invoking flow matrix:
0,930,91,462,782,406,844,489,47,631,691,826,567,59,11,275,929,454,767,595
0,0,89,279,603,373,980,236,844,860,167,717,833,241,478,786,247,754,430,935
0,0,0,157,949,93,290,87,418,319,153,666,523,256,707,922,456,661,510,567
0,0,0,0,999,250,193,886,735,379,648,316,152,738,594,565,900,86,109,502
0,0,0,0,0,745,827,919,586,113,437,212,453,475,240,418,871,825,91,168
0,0,0,0,0,0,369,88,526,994,306,493,894,277,449,130,651,173,699,901
0,0,0,0,0,0,0,123,352,429,383,788,222,50,304,186,385,86,894,222
0,0,0,0,0,0,0,0,200,768,554,991,38,350,159,678,562,688,139,40
0,0,0,0,0,0,0,0,0,425,158,863,191,312,430,358,96,610,362,180
0,0,0,0,0,0,0,0,0,0,31,971,743,680,288,478,771,78,233,840
0,0,0,0,0,0,0,0,0,0,0,112,397,405,312,665,230,443,92,925
0,0,0,0,0,0,0,0,0,0,0,0,479,638,581,678,854,589,261,91
0,0,0,0,0,0,0,0,0,0,0,0,0,239,8,243,714,118,203,919
0,0,0,0,0,0,0,0,0,0,0,0,0,0,342,384,883,143,304,411
0,0,0,0,0,0,0,0,0,0,0,0,0,0,0,388,171,625,470,797
0,0,0,0,0,0,0,0,0,0,0,0,0,0,0,0,804,679,142,826
0,0,0,0,0,0,0,0,0,0,0,0,0,0,0,0,0,977,310,726
0,0,0,0,0,0,0,0,0,0,0,0,0,0,0,0,0,0,992,616
0,0,0,0,0,0,0,0,0,0,0,0,0,0,0,0,0,0,0,272
0,0,0,0,0,0,0,0,0,0,0,0,0,0,0,0,0,0,0,0
