Number of physical machine types:
3
Resources for each physical machine type:
128,256
64,256
128,128
Available number for each physical machine type:
34
34
34
Activation cost for each physical machine type:
200
150
150
Number of micro-service types:
20
Required number for each micro-service type:
12
8
7
3
4
7
8
5
15
10
2
6
10
13
10
6
2
14
10
12
Resource requirements for each micro-service type:
26,53
34,68
14,74
28,72
19,44
26,36
21,39
18,48
19,74
19,45
36,39
30,26
24,64
21,66
14,76
24,60
28,62
31,37
28,54
23,31
Total invoking flow matrix:
0,77,329,880,537,838,695,402,759,999,173,209,631,869,508,781,368,137,220,897
0,0,385,160,158,389,568,971,791,986,233,873,604,633,188,398,896,126,784,491
0,0,0,847,879,553,591,260,498,705,288,914,347,541,348,507,394,249,350,189
0,0,0,0,609,71,450,405,602,875,474,499,307,163,54,405,387,514,228,565
0,0,0,0,0,138,212,353,736,310,555,43,414,60,803,177,132,697,550,748
0,0,0,0,0,0,1000,966,159,654,165,363,635,635,189,87,853,615,86,182
0,0,0,0,0,0,0,403,912,343,982,447,191,372,866,130,999,850,300,785
0,0,0,0,0,0,0,0,118,864,427,702,642,412,647,676,765,264,367,242
0,0,0,0,0,0,0,0,0,579,952,290,455,842,489,980,191,810,752,428
0,0,0,0,0,0,0,0,0,0,818,991,453,585,309,714,62,591,645,879
0,0,0,0,0,0,0,0,0,0,0,571,447,796,183,686,889,623,170,78
0,0,0,0,0,0,0,0,0,0,0,0,948,320,80,167,535,589,215,269
0,0,0,0,0,0,0,0,0,0,0,0,0,154,424,403,46,293,23,23
0,0,0,0,0,0,0,0,0,0,0,0,0,0,562,454,249,634,615,469
0,0,0,0,0,0,0,0,0,0,0,0,0,0,0,232,380,418,423,423
0,0,0,0,0,0,0,0,0,0,0,0,0,0,0,0,722,475,828,942
0,0,0,0,0,0,0,0,0,0,0,0,0,0,0,0,0,328,882,163
0,0,0,0,0,0,0,0,0,0,0,0,0,0,0,0,0,0,999,376
0,0,0,0,0,0,0,0,0,0,0,0,0,0,0,0,0,0,0,323
0,0,0,0,0,0,0,0,0,0,0,0,0,0,0,0,0,0,0,0
