Number of physical machine types:
3
Resources for each physical machine type:
128,256
64,256
128,128
Available number for each physical machine type:
30
30
30
Activation cost for each physical machine type:
200
150
150
Number of micro-service types:
20
Required number for each micro-service type:
2
8
6
7
2
5
15
13
3
8
7
3
4
1
7
11
5
8
12
15
Resource requirements for each micro-service type:
26,57
22,65
13,66
33,57
24,40
26,59
16,35
15,52
35,29
15,48
15,53
29,35
36,68
29,59
38,45
16,31
30,66
22,51
24,66
36,31
Total invoking flow matrix:
0,62,62,815,668,621,649,873,631,867,885,913,587,800,889,434,205,6,511,855
0,0,46,673,577,942,376,527,806,334,562,783,440,675,819,31,765,108,325,66
0,0,0,115,139,18,807,886,851,235,286,359,287,693,265,130,720,286,787,960
0,0,0,0,886,842,709,59,746,60,886,380,690,252,971,149,725,498,872,558
0,0,0,0,0,799,675,513,492,119,828,484,600,951,52,745,332,496,857,709
0,0,0,0,0,0,252,283,995,545,41,596,387,622,835,211,234,103,55,572
0,0,0,0,0,0,0,517,176,844,835,368,877,635,891,631,489,967,177,386
0,0,0,0,0,0,0,0,288,372,236,278,40,713,174,320,352,220,141,181
0,0,0,0,0,0,0,0,0,626,125,654,281,879,890,744,522,231,84,43
0,0,0,0,0,0,0,0,0,0,846,114,508,593,277,351,866,592,984,796
0,0,0,0,0,0,0,0,0,0,0,128,572,561,423,800,816,354,489,911
0,0,0,0,0,0,0,0,0,0,0,0,692,387,891,273,562,619,870,438
0,0,0,0,0,0,0,0,0,0,0,0,0,433,509,312,210,669,202,694
0,0,0,0,0,0,0,0,0,0,0,0,0,0,120,825,214,316,23,605
0,0,0,0,0,0,0,0,0,0,0,0,0,0,0,597,816,515,665,121
0,0,0,0,0,0,0,0,0,0,0,0,0,0,0,0,929,622,692,773
0,0,0,0,0,0,0,0,0,0,0,0,0,0,0,0,0,870,326,413
0,0,0,0,0,0,0,0,0,0,0,0,0,0,0,0,0,0,63,905
0,0,0,0,0,0,0,0,0,0,0,0,0,0,0,0,0,0,0,126
0,0,0,0,0,0,0,0,0,0,0,0,0,0,0,0,0,0,0,0
