Number of physical machine types:
3
Resources for each physical machine type:
128,256
64,256
128,128
Available number for each physical machine type:
38
38
38
Activation cost for each physical machine type:
200
150
150
Number of micro-service types:
20
Required number for each micro-service type:
12
14
9
8
5
5
15
5
10
11
14
13
11
2
14
4
6
10
10
5
Resource requirements for each micro-service type:
25,63
30,69
27,43
37,38
31,69
36,44
31,49
20,64
22,60
32,68
36,33
17,54
25,40
33,75
24,69
28,27
20,48
30,75
33,67
35,55
Total invoking flow matrix:
0,830,954,152,699,210,916,961,637,115,274,639,360,169,636,397,328,100,741,192
0,0,730,17,616,735,218,573,363,152,436,461,843,518,68,414,629,254,235,279
0,0,0,415,602,342,542,38,502,521,828,181,767,453,430,329,458,736,31,893
0,0,0,0,378,718,537,664,181,415,987,638,567,70,547,444,916,156,718,262
0,0,0,0,0,262,490,686,311,762,261,485,387,559,622,69,467,828,568,882
0,0,0,0,0,0,417,398,784,456,247,882,359,970,632,696,875,370,204,157
0,0,0,0,0,0,0,336,572,794,379,13,314,965,180,776,262,210,431,486
0,0,0,0,0,0,0,0,455,792,601,274,774,981,966,552,386,919,243,59
0,0,0,0,0,0,0,0,0,686,476,535,964,624,708,80,34,971,216,942
0,0,0,0,0,0,0,0,0,0,381,140,876,398,248,81,504,753,497,860
0,0,0,0,0,0,0,0,0,0,0,218,151,309,392,822,279,473,278,241
0,0,0,0,0,0,0,0,0,0,0,0,160,183,473,10,110,417,263,345
0,0,0,0,0,0,0,0,0,0,0,0,0,170,181,658,133,962,397,211
0,0,0,0,0,0,0,0,0,0,0,0,0,0,761,249,422,675,473,126
0,0,0,0,0,0,0,0,0,0,0,0,0,0,0,841,180,851,38,468
0,0,0,0,0,0,0,0,0,0,0,0,0,0,0,0,706,196,20,103
0,0,0,0,0,0,0,0,0,0,0,0,0,0,0,0,0,402,417,743
0,0,0,0,0,0,0,0,0,0,0,0,0,0,0,0,0,0,873,603
0,0,0,0,0,0,0,0,0,0,0,0,0,0,0,0,0,0,0,409
0,0,0,0,0,0,0,0,0,0,0,0,0,0,0,0,0,0,0,0
