Number of physical machine types:
3
Resources for each physical machine type:
128,256
64,256
128,128
Available number for each physical machine type:
30
30
30
Activation cost for each physical machine type:
200
150
150
Number of micro-service types:
20
Required number for each micro-service type:
3
10
4
3
12
8
1
9
15
2
6
15
1
14
2
8
2
15
1
13
Resource requirements for each micro-service type:
37,48
32,40
16,36
33,46
33,42
19,74
36,34
21,59
30,28
17,57
23,50
29,31
23,34
33,59
31,40
13,51
34,50
15,65
21,46
15,35
Total invoking flow matrix:
0,396,437,559,852,675,843,873,727,736,377,10,288,196,575,357,855,636,206,903
0,0,205,631,358,305,500,59,457,320,299,412,809,956,956,524,823,306,952,709
0,0,0,113,908,708,720,239,406,691,174,506,256,230,839,594,303,469,57,796
0,0,0,0,565,368,143,393,597,811,105,474,673,115,716,500,15,380,295,774
0,0,0,0,0,846,868,182,983,692,528,391,286,187,363,145,279,611,849,308
0,0,0,0,0,0,753,433,749,489,941,432,834,172,838,485,993,366,961,488
0,0,0,0,0,0,0,529,502,369,132,725,245,198,68,583,312,382,213,649
0,0,0,0,0,0,0,0,533,120,825,100,976,575,163,422,704,468,258,631
0,0,0,0,0,0,0,0,0,694,878,874,71,75,484,789,264,849,852,561
0,0,0,0,0,0,0,0,0,0,975,500,597,318,617,236,7,971,136,374
0,0,0,0,0,0,0,0,0,0,0,665,265,874,819,723,832,828,5,348
0,0,0,0,0,0,0,0,0,0,0,0,838,794,744,374,291,220,949,945
0,0,0,0,0,0,0,0,0,0,0,0,0,865,43,299,568,662,447,836
0,0,0,0,0,0,0,0,0,0,0,0,0,0,676,771,954,587,689,468
0,0,0,0,0,0,0,0,0,0,0,0,0,0,0,758,361,271,544,34
0,0,0,0,0,0,0,0,0,0,0,0,0,0,0,0,678,664,799,333
0,0,0,0,0,0,0,0,0,0,0,0,0,0,0,0,0,667,717,231
0,0,0,0,0,0,0,0,0,0,0,0,0,0,0,0,0,0,314,655
0,0,0,0,0,0,0,0,0,0,0,0,0,0,0,0,0,0,0,93
0,0,0,0,0,0,0,0,0,0,0,0,0,0,0,0,0,0,0,0
