Number of physical machine types:
3
Resources for each physical machine type:
128,256
64,256
128,128
Available number for each physical machine type:
33
33
33
Activation cost for each physical machine type:
200
150
150
Number of micro-service types:
20
Required number for each micro-service type:
8
7
8
3
14
5
4
5
6
2
9
11
11
8
5
11
9
12
7
12
Resource requirements for each micro-service type:
36,60
33,46
22,48
24,30
30,52
34,35
37,55
30,28
21,71
23,54
35,56
18,50
15,43
29,42
36,44
15,41
16,34
31,55
36,27
26,30
Total invoking flow matrix:
0,608,662,666,345,951,634,352,72,21,393,991,552,733,343,161,985,686,364,607
0,0,12,926,890,642,83,137,404,223,990,766,307,168,842,41,527,206,852,429
0,0,0,795,274,559,671,662,512,231,895,684,743,723,505,271,999,825,803,301
0,0,0,0,356,694,950,427,530,363,79,990,104,940,833,796,542,312,893,278
0,0,0,0,0,327,389,329,998,72,352,423,703,977,378,513,115,582,473,389
0,0,0,0,0,0,523,300,825,596,658,725,706,246,108,663,267,307,564,800
0,0,0,0,0,0,0,449,199,213,927,293,11,170,507,434,423,963,115,527
0,0,0,0,0,0,0,0,795,215,308,495,579,438,824,260,909,964,336,633
0,0,0,0,0,0,0,0,0,375,89,840,105,933,897,632,454,350,54,271
0,0,0,0,0,0,0,0,0,0,952,166,213,82,233,849,541,986,103,784
0,0,0,0,0,0,0,0,0,0,0,692,942,538,229,525,423,125,160,22
0,0,0,0,0,0,0,0,0,0,0,0,46,690,379,466,707,430,119,14
0,0,0,0,0,0,0,0,0,0,0,0,0,910,500,669,617,9,784,14
0,0,0,0,0,0,0,0,0,0,0,0,0,0,518,615,672,272,703,615
0,0,0,0,0,0,0,0,0,0,0,0,0,0,0,269,87,718,643,703
0,0,0,0,0,0,0,0,0,0,0,0,0,0,0,0,239,685,23,776
0,0,0,0,0,0,0,0,0,0,0,0,0,0,0,0,0,865,517,78
0,0,0,0,0,0,0,0,0,0,0,0,0,0,0,0,0,0,752,710
0,0,0,0,0,0,0,0,0,0,0,0,0,0,0,0,0,0,0,979
0,0,0,0,0,0,0,0,0,0,0,0,0,0,0,0,0,0,0,0
