Number of physical machine types:
3
Resources for each physical machine type:
128,256
64,256
128,128
Available number for each physical machine type:
36
36
36
Activation cost for each physical machine type:
200
150
150
Number of micro-service types:
30
Required number for each micro-service type:
6
5
2
8
1
8
3
3
9
1
5
2
3
9
9
4
9
1
9
10
6
7
7
6
7
9
6
9
3
8
Resource requirements for each micro-service type:
35,39
22,54
20,61
29,39
20,62
21,46
13,75
25,42
13,70
33,41
19,51
19,62
20,30
25,30
29,45
20,73
27,69
14,56
24,32
14,58
19,45
36,73
33,49
20,33
32,64
23,66
38,43
37,31
15,56
24,59
Total invoking flow matrix:
0,230,963,886,489,825,775,105,694,315,26,506,345,238,145,134,716,940,517,46,491,226,116,774,276,469,449,577,475,553
0,0,618,25,310,25,325,801,566,297,528,741,971,366,552,935,592,538,141,156,866,619,924,805,947,897,790,734,94,326
0,0,0,153,994,981,416,829,394,579,819,570,758,959,763,461,345,207,769,184,335,121,452,963,385,541,133,363,252,988
0,0,0,0,286,991,145,105,123,134,173,60,193,676,544,403,923,708,894,867,308,604,291,572,900,310,762,868,611,912
0,0,0,0,0,700,21,552,770,325,385,108,425,716,195,174,260,575,923,684,996,522,105,502,605,899,478,607,326,180
0,0,0,0,0,0,690,520,183,977,891,95,555,137,891,187,963,646,333,22,26,43,246,826,452,228,820,912,839,767
0,0,0,0,0,0,0,844,333,412,159,879,98,821,377,370,174,1,969,674,951,229,893,159,943,907,327,895,179,15
0,0,0,0,0,0,0,0,245,537,271,119,48,988,712,86,621,646,748,59,483,698,406,49,159,911,30,602,698,409
0,0,0,0,0,0,0,0,0,778,933,909,796,839,219,682,17,26,358,727,903,547,58,255,524,18,190,713,328,511
0,0,0,0,0,0,0,0,0,0,670,803,202,317,507,666,324,306,720,704,261,255,757,612,817,764,735,994,235,910
0,0,0,0,0,0,0,0,0,0,0,84,467,325,741,984,198,860,382,51,764,186,315,436,763,881,114,408,123,586
0,0,0,0,0,0,0,0,0,0,0,0,810,705,641,103,896,152,176,769,501,745,725,901,207,115,786,870,68,786
0,0,0,0,0,0,0,0,0,0,0,0,0,289,325,379,218,604,704,476,298,182,752,773,936,864,655,781,497,329
0,0,0,0,0,0,0,0,0,0,0,0,0,0,492,711,374,399,540,366,910,652,864,438,544,380,157,275,872,731
0,0,0,0,0,0,0,0,0,0,0,0,0,0,0,967,992,849,781,383,393,992,458,886,756,506,190,799,437,946
0,0,0,0,0,0,0,0,0,0,0,0,0,0,0,0,711,822,554,753,696,164,234,42,587,974,543,724,444,185
0,0,0,0,0,0,0,0,0,0,0,0,0,0,0,0,0,226,396,88,134,158,279,940,126,820,420,206,299,323
0,0,0,0,0,0,0,0,0,0,0,0,0,0,0,0,0,0,922,267,764,108,233,9,409,579,995,368,619,759
0,0,0,0,0,0,0,0,0,0,0,0,0,0,0,0,0,0,0,825,408,686,43,22,898,467,750,560,980,80
0,0,0,0,0,0,0,0,0,0,0,0,0,0,0,0,0,0,0,0,138,938,749,78,111,494,593,926,18,483
0,0,0,0,0,0,0,0,0,0,0,0,0,0,0,0,0,0,0,0,0,40,416,24,449,974,843,459,65,886
0,0,0,0,0,0,0,0,0,0,0,0,0,0,0,0,0,0,0,0,0,0,686,411,800,143,705,432,488,724
0,0,0,0,0,0,0,0,0,0,0,0,0,0,0,0,0,0,0,0,0,0,0,247,715,120,518,111,342,631
0,0,0,0,0,0,0,0,0,0,0,0,0,0,0,0,0,0,0,0,0,0,0,0,753,593,907,440,507,113
0,0,0,0,0,0,0,0,0,0,0,0,0,0,0,0,0,0,0,0,0,0,0,0,0,812,374,346,676,679
0,0,0,0,0,0,0,0,0,0,0,0,0,0,0,0,0,0,0,0,0,0,0,0,0,0,665,444,419,737
0,0,0,0,0,0,0,0,0,0,0,0,0,0,0,0,0,0,0,0,0,0,0,0,0,0,0,383,812,560
0,0,0,0,0,0,0,0,0,0,0,0,0,0,0,0,0,0,0,0,0,0,0,0,0,0,0,0,667,348
0,0,0,0,0,0,0,0,0,0,0,0,0,0,0,0,0,0,0,0,0,0,0,0,0,0,0,0,0,299
0,0,0,0,0,0,0,0,0,0,0,0,0,0,0,0,0,0,0,0,0,0,0,0,0,0,0,0,0,0
