Number of physical machine types:
3
Resources for each physical machine type:
128,256
64,256
128,128
Available number for each physical machine type:
38
38
38
Activation cost for each physical machine type:
200
150
150
Number of micro-service types:
30
Required number for each micro-service type:
8
7
4
2
9
4
3
7
5
10
9
7
6
6
3
3
9
3
1
7
3
8
4
8
9
7
9
9
2
9
Resource requirements for each micro-service type:
35,40
37,64
19,63
26,50
17,64
27,26
15,42
26,55
20,52
37,45
24,73
23,54
14,60
19,40
32,67
37,31
15,60
27,48
15,29
21,39
34,44
30,69
24,41
19,67
37,48
33,39
28,43
14,56
28,50
35,35
Total invoking flow matrix:
0,965,619,516,362,592,614,390,494,958,96,259,588,47,783,359,623,26,1,869,626,887,899,499,653,201,161,223,270,987
0,0,511,449,942,663,951,586,460,620,298,373,337,837,833,969,871,196,334,719,213,103,124,564,169,697,452,910,470,251
0,0,0,109,372,742,901,0,301,618,443,946,353,670,676,468,565,328,82,140,821,673,647,175,561,962,849,281,172,636
0,0,0,0,866,739,34,162,786,478,736,900,469,193,739,526,264,418,125,231,9,651,717,483,55,634,975,682,4,445
0,0,0,0,0,811,721,480,993,562,264,905,228,619,323,295,177,277,363,864,854,256,673,342,825,314,870,941,478,77
0,0,0,0,0,0,68,100,78,397,602,189,372,579,223,480,685,651,104,282,291,316,786,192,388,587,752,244,733,96
0,0,0,0,0,0,0,212,748,232,46,29,748,117,217,537,127,468,229,983,739,754,76,265,83,561,143,427,472,874
0,0,0,0,0,0,0,0,112,965,370,982,901,686,97,860,578,248,432,357,35,206,515,930,659,580,163,244,383,650
0,0,0,0,0,0,0,0,0,703,172,378,318,548,417,849,279,560,935,653,533,923,450,395,419,309,739,612,821,407
0,0,0,0,0,0,0,0,0,0,138,777,762,462,980,803,273,594,603,362,101,854,86,215,150,840,935,604,505,445
0,0,0,0,0,0,0,0,0,0,0,802,863,20,750,283,484,111,666,688,251,902,865,51,509,265,301,229,365,714
0,0,0,0,0,0,0,0,0,0,0,0,108,430,444,131,523,846,792,984,964,594,303,572,856,462,554,99,894,885
0,0,0,0,0,0,0,0,0,0,0,0,0,502,633,774,335,944,139,361,571,619,738,793,404,994,815,309,126,259
0,0,0,0,0,0,0,0,0,0,0,0,0,0,228,733,688,807,463,172,5,738,11,282,639,946,372,92,60,160
0,0,0,0,0,0,0,0,0,0,0,0,0,0,0,986,256,572,906,872,852,513,100,610,422,11,960,315,994,184
0,0,0,0,0,0,0,0,0,0,0,0,0,0,0,0,318,524,853,231,514,88,799,187,387,188,272,625,252,156
0,0,0,0,0,0,0,0,0,0,0,0,0,0,0,0,0,962,153,84,179,476,62,544,36,177,502,420,389,515
0,0,0,0,0,0,0,0,0,0,0,0,0,0,0,0,0,0,217,383,810,425,524,806,404,31,776,230,608,760
0,0,0,0,0,0,0,0,0,0,0,0,0,0,0,0,0,0,0,128,456,752,378,395,270,482,289,881,237,249
0,0,0,0,0,0,0,0,0,0,0,0,0,0,0,0,0,0,0,0,5,856,126,750,648,580,195,882,712,320
0,0,0,0,0,0,0,0,0,0,0,0,0,0,0,0,0,0,0,0,0,78,645,633,891,623,943,346,471,717
0,0,0,0,0,0,0,0,0,0,0,0,0,0,0,0,0,0,0,0,0,0,490,561,113,141,518,952,149,679
0,0,0,0,0,0,0,0,0,0,0,0,0,0,0,0,0,0,0,0,0,0,0,432,711,820,698,214,916,853
0,0,0,0,0,0,0,0,0,0,0,0,0,0,0,0,0,0,0,0,0,0,0,0,615,511,347,528,542,371
0,0,0,0,0,0,0,0,0,0,0,0,0,0,0,0,0,0,0,0,0,0,0,0,0,393,124,690,711,386
0,0,0,0,0,0,0,0,0,0,0,0,0,0,0,0,0,0,0,0,0,0,0,0,0,0,324,339,896,652
0,0,0,0,0,0,0,0,0,0,0,0,0,0,0,0,0,0,0,0,0,0,0,0,0,0,0,634,488,732
0,0,0,0,0,0,0,0,0,0,0,0,0,0,0,0,0,0,0,0,0,0,0,0,0,0,0,0,726,838
0,0,0,0,0,0,0,0,0,0,0,0,0,0,0,0,0,0,0,0,0,0,0,0,0,0,0,0,0,601
0,0,0,0,0,0,0,0,0,0,0,0,0,0,0,0,0,0,0,0,0,0,0,0,0,0,0,0,0,0
