Number of physical machine types:
3
Resources for each physical machine type:
128,256
64,256
128,128
Available number for each physical machine type:
36
36
36
Activation cost for each physical machine type:
200
150
150
Number of micro-service types:
30
Required number for each micro-service type:
7
8
7
10
1
2
4
7
3
8
9
2
10
5
1
4
6
8
2
9
4
3
10
8
3
10
10
6
4
1
Resource requirements for each micro-service type:
29,57
28,70
27,42
30,64
18,64
20,62
34,54
15,49
22,64
15,29
29,38
24,68
19,36
15,41
28,75
36,68
22,39
19,51
25,28
19,70
17,36
38,40
17,65
22,60
24,45
19,74
18,46
16,37
21,74
26,73
Total invoking flow matrix:
0,272,716,893,371,175,665,867,321,61,577,833,626,912,778,390,290,451,12,86,930,671,814,167,953,196,812,97,224,190
0,0,842,624,164,222,346,342,74,716,860,995,809,853,146,458,297,176,581,148,538,255,855,627,680,589,321,171,538,692
0,0,0,951,165,991,611,176,155,337,234,139,972,534,377,288,27,232,632,2,48,971,855,468,961,46,332,625,616,639
0,0,0,0,565,314,826,975,418,23,765,275,701,531,459,1,212,630,333,594,602,956,949,917,538,313,651,270,969,359
0,0,0,0,0,957,277,168,650,986,413,123,190,421,134,240,367,778,540,434,703,86,901,11,699,798,894,395,584,500
0,0,0,0,0,0,286,333,773,131,741,96,898,488,646,131,126,290,8,809,107,230,850,913,553,727,417,847,415,836
0,0,0,0,0,0,0,363,861,570,594,954,716,617,699,73,708,157,585,327,504,103,102,429,381,28,395,744,313,528
0,0,0,0,0,0,0,0,908,604,201,695,798,76,559,89,348,697,633,195,418,538,330,824,327,127,546,603,596,607
0,0,0,0,0,0,0,0,0,696,902,64,575,50,950,389,832,513,157,276,28,660,264,838,51,813,990,352,553,188
0,0,0,0,0,0,0,0,0,0,211,91,440,391,450,102,525,793,167,675,497,437,598,807,296,595,835,402,656,138
0,0,0,0,0,0,0,0,0,0,0,382,196,808,360,79,231,728,856,775,208,234,617,455,44,534,376,624,946,376
0,0,0,0,0,0,0,0,0,0,0,0,728,858,553,957,402,475,411,463,526,146,157,303,913,244,792,245,392,850
0,0,0,0,0,0,0,0,0,0,0,0,0,465,828,306,752,869,29,60,266,778,94,328,320,174,729,338,806,125
0,0,0,0,0,0,0,0,0,0,0,0,0,0,970,224,717,503,556,195,194,348,331,127,629,811,367,474,419,359
0,0,0,0,0,0,0,0,0,0,0,0,0,0,0,446,148,153,180,354,413,33,800,466,911,464,299,331,471,449
0,0,0,0,0,0,0,0,0,0,0,0,0,0,0,0,50,445,785,227,138,940,699,399,144,594,683,1000,775,480
0,0,0,0,0,0,0,0,0,0,0,0,0,0,0,0,0,155,601,205,112,572,214,177,576,27,611,684,616,36
0,0,0,0,0,0,0,0,0,0,0,0,0,0,0,0,0,0,280,724,432,460,608,846,364,52,649,140,931,776
0,0,0,0,0,0,0,0,0,0,0,0,0,0,0,0,0,0,0,212,99,857,75,559,685,228,619,754,437,891
0,0,0,0,0,0,0,0,0,0,0,0,0,0,0,0,0,0,0,0,648,883,941,823,622,768,701,678,804,987
0,0,0,0,0,0,0,0,0,0,0,0,0,0,0,0,0,0,0,0,0,935,361,616,374,802,31,374,641,994
0,0,0,0,0,0,0,0,0,0,0,0,0,0,0,0,0,0,0,0,0,0,705,617,319,801,974,82,990,538
0,0,0,0,0,0,0,0,0,0,0,0,0,0,0,0,0,0,0,0,0,0,0,884,171,7,38,707,996,797
0,0,0,0,0,0,0,0,0,0,0,0,0,0,0,0,0,0,0,0,0,0,0,0,420,914,30,207,296,689
0,0,0,0,0,0,0,0,0,0,0,0,0,0,0,0,0,0,0,0,0,0,0,0,0,462,66,194,106,222
0,0,0,0,0,0,0,0,0,0,0,0,0,0,0,0,0,0,0,0,0,0,0,0,0,0,882,913,616,425
0,0,0,0,0,0,0,0,0,0,0,0,0,0,0,0,0,0,0,0,0,0,0,0,0,0,0,69,651,188
0,0,0,0,0,0,0,0,0,0,0,0,0,0,0,0,0,0,0,0,0,0,0,0,0,0,0,0,580,349
0,0,0,0,0,0,0,0,0,0,0,0,0,0,0,0,0,0,0,0,0,0,0,0,0,0,0,0,0,541
0,0,0,0,0,0,0,0,0,0,0,0,0,0,0,0,0,0,0,0,0,0,0,0,0,0,0,0,0,0
