Number of physical machine types:
3
Resources for each physical machine type:
128,256
64,256
128,128
Available number for each physical machine type:
37
37
37
Activation cost for each physical machine type:
200
150
150
Number of micro-service types:
30
Required number for each micro-service type:
9
7
4
5
5
5
8
1
4
5
9
6
3
6
4
1
8
6
7
8
10
8
9
8
3
4
6
5
5
8
Resource requirements for each micro-service type:
28,66
27,51
33,67
15,44
20,67
37,59
31,57
25,31
25,60
26,49
28,55
13,26
20,39
37,52
15,42
29,65
38,35
32,36
35,40
35,72
27,28
28,61
13,38
22,63
31,59
13,62
23,44
20,53
38,57
34,71
Total invoking flow matrix:
0,200,73,438,793,750,971,643,826,29,178,43,462,557,644,407,286,379,978,15,850,353,38,214,134,512,825,161,493,573
0,0,262,330,813,154,496,251,272,681,252,800,538,396,467,305,971,617,218,34,731,753,835,586,334,986,872,570,360,234
0,0,0,148,189,140,423,701,749,153,847,681,905,29,684,729,671,513,22,256,676,594,845,433,764,912,655,464,920,968
0,0,0,0,268,285,116,646,572,907,933,927,246,920,285,563,685,232,343,955,249,40,735,272,457,175,713,534,226,738
0,0,0,0,0,231,714,699,256,912,324,531,455,952,211,464,108,686,303,368,250,960,268,291,614,53,66,807,172,235
0,0,0,0,0,0,130,545,106,945,166,105,547,20,103,972,638,105,880,49,406,637,782,935,768,38,84,167,441,732
0,0,0,0,0,0,0,689,490,710,268,586,209,477,758,761,952,661,78,428,111,270,715,789,792,547,553,428,472,56
0,0,0,0,0,0,0,0,580,518,913,42,67,987,250,801,868,712,283,51,90,211,358,62,314,807,792,790,632,139
0,0,0,0,0,0,0,0,0,677,787,868,381,486,960,836,811,88,236,697,974,466,654,258,515,604,974,197,885,213
0,0,0,0,0,0,0,0,0,0,583,149,606,838,744,888,543,50,537,400,577,534,986,910,513,764,993,880,949,708
0,0,0,0,0,0,0,0,0,0,0,270,290,189,824,416,253,290,393,763,446,49,817,694,564,264,961,247,241,971
0,0,0,0,0,0,0,0,0,0,0,0,980,958,491,60,305,964,157,852,480,19,628,207,873,330,626,732,857,245
0,0,0,0,0,0,0,0,0,0,0,0,0,588,235,471,307,732,239,24,55,534,934,490,774,793,386,900,382,882
0,0,0,0,0,0,0,0,0,0,0,0,0,0,485,144,345,151,600,993,876,407,656,463,886,324,597,730,599,753
0,0,0,0,0,0,0,0,0,0,0,0,0,0,0,529,381,369,50,841,501,467,116,216,449,625,775,638,520,482
0,0,0,0,0,0,0,0,0,0,0,0,0,0,0,0,598,670,448,313,796,453,829,376,69,359,888,575,207,537
0,0,0,0,0,0,0,0,0,0,0,0,0,0,0,0,0,231,296,261,353,543,490,543,838,445,626,5,857,433
0,0,0,0,0,0,0,0,0,0,0,0,0,0,0,0,0,0,343,964,272,519,468,395,201,457,902,122,736,771
0,0,0,0,0,0,0,0,0,0,0,0,0,0,0,0,0,0,0,323,608,9,849,874,863,127,9,504,313,44
0,0,0,0,0,0,0,0,0,0,0,0,0,0,0,0,0,0,0,0,729,308,258,526,16,643,499,977,820,539
0,0,0,0,0,0,0,0,0,0,0,0,0,0,0,0,0,0,0,0,0,196,504,604,419,671,212,495,226,744
0,0,0,0,0,0,0,0,0,0,0,0,0,0,0,0,0,0,0,0,0,0,202,941,669,396,126,910,693,522
0,0,0,0,0,0,0,0,0,0,0,0,0,0,0,0,0,0,0,0,0,0,0,679,23,49,360,346,340,508
0,0,0,0,0,0,0,0,0,0,0,0,0,0,0,0,0,0,0,0,0,0,0,0,141,941,155,571,544,925
0,0,0,0,0,0,0,0,0,0,0,0,0,0,0,0,0,0,0,0,0,0,0,0,0,417,809,713,31,457
0,0,0,0,0,0,0,0,0,0,0,0,0,0,0,0,0,0,0,0,0,0,0,0,0,0,164,787,714,456
0,0,0,0,0,0,0,0,0,0,0,0,0,0,0,0,0,0,0,0,0,0,0,0,0,0,0,160,349,19
0,0,0,0,0,0,0,0,0,0,0,0,0,0,0,0,0,0,0,0,0,0,0,0,0,0,0,0,472,436
0,0,0,0,0,0,0,0,0,0,0,0,0,0,0,0,0,0,0,0,0,0,0,0,0,0,0,0,0,675
0,0,0,0,0,0,0,0,0,0,0,0,0,0,0,0,0,0,0,0,0,0,0,0,0,0,0,0,0,0
