Number of physical machine types:
3
Resources for each physical machine type:
128,256
64,256
128,128
Available number for each physical machine type:
37
37
37
Activation cost for each physical machine type:
200
150
150
Number of micro-service types:
30
Required number for each micro-service type:
7
4
5
2
2
6
5
6
10
3
8
7
4
9
6
2
6
2
9
5
5
9
6
7
10
3
9
6
5
9
Resource requirements for each micro-service type:
37,70
18,60
35,46
38,31
38,39
14,45
33,51
33,59
21,56
21,41
16,59
27,35
34,38
31,45
33,60
37,64
27,70
37,72
19,42
34,33
28,65
24,67
14,26
27,42
21,76
18,34
17,74
14,68
27,47
20,70
Total invoking flow matrix:
0,540,55,606,739,123,888,886,641,418,224,873,378,435,757,905,629,607,629,648,313,166,427,473,964,30,434,881,776,463
0,0,738,506,98,766,483,382,711,620,33,780,863,242,954,118,23,635,141,127,673,907,57,514,838,598,745,920,698,825
0,0,0,229,250,534,421,453,431,193,58,459,353,537,224,118,470,289,493,907,984,952,838,110,854,862,579,286,316,799
0,0,0,0,496,534,796,147,890,112,22,11,160,780,665,323,174,367,438,36,75,636,23,548,555,282,758,553,261,851
0,0,0,0,0,889,37,560,838,420,77,348,890,851,654,220,397,124,648,976,168,47,133,203,464,93,611,746,822,142
0,0,0,0,0,0,71,794,413,616,992,107,705,425,229,260,911,908,982,654,379,537,754,312,929,376,278,222,744,24
0,0,0,0,0,0,0,219,187,940,700,831,499,571,86,213,361,384,323,95,827,488,359,820,39,848,335,545,4,589
0,0,0,0,0,0,0,0,835,529,38,8,938,312,43,826,458,225,237,609,819,538,13,694,391,848,815,893,483,388
0,0,0,0,0,0,0,0,0,464,647,271,106,408,252,969,132,856,52,750,660,462,939,790,178,771,44,227,983,49
0,0,0,0,0,0,0,0,0,0,752,153,137,622,970,90,869,612,66,162,909,958,289,973,855,861,754,972,306,913
0,0,0,0,0,0,0,0,0,0,0,363,858,666,777,389,407,717,916,418,52,502,496,647,481,321,88,320,895,241
0,0,0,0,0,0,0,0,0,0,0,0,493,161,42,873,306,565,765,307,533,47,884,285,244,243,128,73,701,371
0,0,0,0,0,0,0,0,0,0,0,0,0,643,501,253,288,525,180,775,678,779,320,215,466,103,709,103,664,893
0,0,0,0,0,0,0,0,0,0,0,0,0,0,197,189,540,923,980,216,865,987,469,162,258,788,886,710,403,572
0,0,0,0,0,0,0,0,0,0,0,0,0,0,0,571,656,606,202,382,494,119,405,163,830,655,108,317,978,337
0,0,0,0,0,0,0,0,0,0,0,0,0,0,0,0,676,368,146,122,869,4,715,199,401,827,103,336,283,811
0,0,0,0,0,0,0,0,0,0,0,0,0,0,0,0,0,892,122,37,551,134,654,495,524,902,792,146,805,913
0,0,0,0,0,0,0,0,0,0,0,0,0,0,0,0,0,0,759,655,270,885,964,564,983,420,505,8,662,267
0,0,0,0,0,0,0,0,0,0,0,0,0,0,0,0,0,0,0,967,147,15,857,498,222,637,60,616,924,430
0,0,0,0,0,0,0,0,0,0,0,0,0,0,0,0,0,0,0,0,32,226,664,83,830,914,228,567,88,562
0,0,0,0,0,0,0,0,0,0,0,0,0,0,0,0,0,0,0,0,0,952,820,1,21,405,281,481,518,725
0,0,0,0,0,0,0,0,0,0,0,0,0,0,0,0,0,0,0,0,0,0,238,173,21,967,880,567,188,106
0,0,0,0,0,0,0,0,0,0,0,0,0,0,0,0,0,0,0,0,0,0,0,862,791,263,397,91,357,519
0,0,0,0,0,0,0,0,0,0,0,0,0,0,0,0,0,0,0,0,0,0,0,0,614,406,748,518,40,885
0,0,0,0,0,0,0,0,0,0,0,0,0,0,0,0,0,0,0,0,0,0,0,0,0,455,928,869,413,804
0,0,0,0,0,0,0,0,0,0,0,0,0,0,0,0,0,0,0,0,0,0,0,0,0,0,684,493,846,939
0,0,0,0,0,0,0,0,0,0,0,0,0,0,0,0,0,0,0,0,0,0,0,0,0,0,0,898,913,526
0,0,0,0,0,0,0,0,0,0,0,0,0,0,0,0,0,0,0,0,0,0,0,0,0,0,0,0,615,962
0,0,0,0,0,0,0,0,0,0,0,0,0,0,0,0,0,0,0,0,0,0,0,0,0,0,0,0,0,94
0,0,0,0,0,0,0,0,0,0,0,0,0,0,0,0,0,0,0,0,0,0,0,0,0,0,0,0,0,0
