Number of physical machine types:
3
Resources for each physical machine type:
128,256
64,256
128,128
Available number for each physical machine type:
38
38
38
Activation cost for each physical machine type:
200
150
150
Number of micro-service types:
30
Required number for each micro-service type:
5
4
9
4
3
7
7
10
9
8
7
3
6
5
4
3
8
10
5
6
4
10
2
7
2
5
4
10
10
5
Resource requirements for each micro-service type:
14,54
23,38
17,48
17,56
14,50
22,40
15,46
34,30
38,66
24,56
33,26
35,60
33,50
33,63
21,42
14,41
16,38
15,58
15,69
38,44
30,55
17,50
33,72
34,55
30,67
28,39
29,69
36,73
29,73
34,63
Total invoking flow matrix:
0,603,334,560,554,189,271,354,689,889,133,597,664,416,825,892,207,308,551,408,728,318,488,709,163,246,874,79,163,406
0,0,25,51,673,504,531,998,667,134,336,408,712,915,125,499,706,241,808,306,223,537,643,543,897,788,925,231,557,659
0,0,0,237,844,352,882,104,846,617,86,718,979,511,851,899,650,889,618,52,952,670,34,811,72,553,283,804,880,136
0,0,0,0,280,627,701,641,225,719,660,931,222,1000,684,907,192,956,592,402,847,973,453,834,465,765,623,691,240,261
0,0,0,0,0,131,714,119,390,396,357,957,184,12,124,709,730,679,740,453,978,571,252,653,874,715,297,198,888,298
0,0,0,0,0,0,526,513,564,550,461,91,672,168,479,357,226,173,547,668,724,974,188,714,749,167,156,512,463,425
0,0,0,0,0,0,0,160,749,335,291,107,988,946,535,955,449,702,85,890,748,57,201,963,140,591,959,887,847,568
0,0,0,0,0,0,0,0,138,923,946,426,328,823,68,149,263,209,835,357,186,329,235,584,158,842,342,824,411,605
0,0,0,0,0,0,0,0,0,93,266,378,874,362,621,314,521,86,130,874,28,921,853,495,240,590,864,278,334,687
0,0,0,0,0,0,0,0,0,0,547,271,250,398,908,795,115,681,953,459,299,657,219,744,525,384,191,636,986,159
0,0,0,0,0,0,0,0,0,0,0,515,301,670,900,18,369,961,831,56,304,365,610,136,972,866,378,631,863,713
0,0,0,0,0,0,0,0,0,0,0,0,488,391,872,550,353,190,497,990,567,837,825,429,288,827,543,634,68,190
0,0,0,0,0,0,0,0,0,0,0,0,0,602,962,768,902,198,887,883,520,818,441,475,286,536,391,750,533,927
0,0,0,0,0,0,0,0,0,0,0,0,0,0,716,867,629,750,576,487,42,488,500,101,833,116,238,796,475,682
0,0,0,0,0,0,0,0,0,0,0,0,0,0,0,396,567,942,284,41,356,162,305,818,10,742,469,102,798,952
0,0,0,0,0,0,0,0,0,0,0,0,0,0,0,0,365,527,583,352,476,310,51,677,453,903,931,638,464,916
0,0,0,0,0,0,0,0,0,0,0,0,0,0,0,0,0,39,489,229,892,904,70,894,320,338,120,855,573,32
0,0,0,0,0,0,0,0,0,0,0,0,0,0,0,0,0,0,223,443,521,866,938,182,863,694,100,229,501,604
0,0,0,0,0,0,0,0,0,0,0,0,0,0,0,0,0,0,0,480,729,677,181,30,266,687,323,857,565,589
0,0,0,0,0,0,0,0,0,0,0,0,0,0,0,0,0,0,0,0,342,784,302,474,999,74,629,410,942,277
0,0,0,0,0,0,0,0,0,0,0,0,0,0,0,0,0,0,0,0,0,390,818,385,94,785,450,979,242,354
0,0,0,0,0,0,0,0,0,0,0,0,0,0,0,0,0,0,0,0,0,0,680,582,614,871,379,118,573,901
0,0,0,0,0,0,0,0,0,0,0,0,0,0,0,0,0,0,0,0,0,0,0,954,724,481,365,784,893,673
0,0,0,0,0,0,0,0,0,0,0,0,0,0,0,0,0,0,0,0,0,0,0,0,947,627,647,7,402,988
0,0,0,0,0,0,0,0,0,0,0,0,0,0,0,0,0,0,0,0,0,0,0,0,0,300,264,827,35,61
0,0,0,0,0,0,0,0,0,0,0,0,0,0,0,0,0,0,0,0,0,0,0,0,0,0,922,657,106,747
0,0,0,0,0,0,0,0,0,0,0,0,0,0,0,0,0,0,0,0,0,0,0,0,0,0,0,546,783,902
0,0,0,0,0,0,0,0,0,0,0,0,0,0,0,0,0,0,0,0,0,0,0,0,0,0,0,0,214,309
0,0,0,0,0,0,0,0,0,0,0,0,0,0,0,0,0,0,0,0,0,0,0,0,0,0,0,0,0,120
0,0,0,0,0,0,0,0,0,0,0,0,0,0,0,0,0,0,0,0,0,0,0,0,0,0,0,0,0,0
