Number of physical machine types:
3
Resources for each physical machine type:
128,256
64,256
128,128
Available number for each physical machine type:
35
35
35
Activation cost for each physical machine type:
200
150
150
Number of micro-service types:
30
Required number for each micro-service type:
9
1
4
3
4
5
4
5
6
3
2
5
3
6
7
9
2
8
4
8
4
6
9
6
5
8
8
3
10
9
Resource requirements for each micro-service type:
27,57
24,65
16,71
21,67
21,31
29,41
13,59
32,44
16,36
37,76
26,66
26,60
31,74
22,67
23,28
14,65
38,55
38,47
35,34
24,37
28,33
19,26
34,32
24,40
26,61
25,47
35,32
28,65
26,34
14,74
Total invoking flow matrix:
0,388,879,129,459,785,713,265,134,140,186,1,641,698,917,776,801,926,574,747,468,72,147,214,326,567,466,480,241,224
0,0,982,144,307,80,958,213,884,145,50,599,977,970,270,164,402,431,916,891,613,53,701,207,695,240,912,654,883,746
0,0,0,194,818,651,412,242,145,996,727,832,703,669,287,88,167,844,390,76,588,184,5,712,705,231,155,179,869,884
0,0,0,0,275,157,563,726,901,448,858,65,285,112,287,259,296,458,784,335,266,16,909,306,69,55,953,17,627,278
0,0,0,0,0,405,586,652,813,31,134,359,209,628,304,295,684,405,823,131,655,468,623,815,786,31,176,237,499,880
0,0,0,0,0,0,653,457,614,355,130,930,981,215,510,366,756,930,744,462,231,628,817,750,456,143,621,367,408,275
0,0,0,0,0,0,0,474,453,695,136,341,599,838,935,247,496,894,429,989,870,391,513,390,434,237,320,671,340,361
0,0,0,0,0,0,0,0,944,749,904,308,211,108,250,518,227,71,935,669,771,699,730,538,821,785,943,243,616,713
0,0,0,0,0,0,0,0,0,636,1,774,345,510,207,505,372,590,297,495,441,468,250,454,513,629,744,652,105,341
0,0,0,0,0,0,0,0,0,0,871,692,862,137,570,189,819,400,675,571,668,904,455,82,660,22,57,25,643,980
0,0,0,0,0,0,0,0,0,0,0,696,763,288,904,74,652,455,706,748,388,878,893,598,988,739,76,964,86,823
0,0,0,0,0,0,0,0,0,0,0,0,716,678,525,998,715,779,35,830,293,417,490,647,915,886,27,432,818,45
0,0,0,0,0,0,0,0,0,0,0,0,0,128,132,587,299,208,39,681,929,61,546,332,255,681,159,862,44,339
0,0,0,0,0,0,0,0,0,0,0,0,0,0,514,328,852,447,23,190,464,755,488,48,215,556,564,712,155,512
0,0,0,0,0,0,0,0,0,0,0,0,0,0,0,671,103,794,402,390,70,845,771,25,637,770,664,655,953,950
0,0,0,0,0,0,0,0,0,0,0,0,0,0,0,0,141,715,588,155,94,473,565,661,36,173,754,543,309,331
0,0,0,0,0,0,0,0,0,0,0,0,0,0,0,0,0,514,315,375,76,64,907,343,635,744,828,601,44,173
0,0,0,0,0,0,0,0,0,0,0,0,0,0,0,0,0,0,140,241,432,374,631,925,163,975,213,231,878,78
0,0,0,0,0,0,0,0,0,0,0,0,0,0,0,0,0,0,0,110,945,428,212,942,858,870,395,429,602,131
0,0,0,0,0,0,0,0,0,0,0,0,0,0,0,0,0,0,0,0,80,562,799,61,272,856,666,431,31,791
0,0,0,0,0,0,0,0,0,0,0,0,0,0,0,0,0,0,0,0,0,776,743,972,63,59,334,126,358,208
0,0,0,0,0,0,0,0,0,0,0,0,0,0,0,0,0,0,0,0,0,0,890,240,225,867,106,958,873,931
0,0,0,0,0,0,0,0,0,0,0,0,0,0,0,0,0,0,0,0,0,0,0,896,962,747,717,582,102,708
0,0,0,0,0,0,0,0,0,0,0,0,0,0,0,0,0,0,0,0,0,0,0,0,384,265,194,290,607,745
0,0,0,0,0,0,0,0,0,0,0,0,0,0,0,0,0,0,0,0,0,0,0,0,0,173,459,92,237,86
0,0,0,0,0,0,0,0,0,0,0,0,0,0,0,0,0,0,0,0,0,0,0,0,0,0,394,774,763,348
0,0,0,0,0,0,0,0,0,0,0,0,0,0,0,0,0,0,0,0,0,0,0,0,0,0,0,519,125,216
0,0,0,0,0,0,0,0,0,0,0,0,0,0,0,0,0,0,0,0,0,0,0,0,0,0,0,0,753,590
0,0,0,0,0,0,0,0,0,0,0,0,0,0,0,0,0,0,0,0,0,0,0,0,0,0,0,0,0,407
0,0,0,0,0,0,0,0,0,0,0,0,0,0,0,0,0,0,0,0,0,0,0,0,0,0,0,0,0,0
