Number of physical machine types:
3
Resources for each physical machine type:
128,256
64,256
128,128
Available number for each physical machine type:
33
33
33
Activation cost for each physical machine type:
200
150
150
Number of micro-service types:
30
Required number for each micro-service type:
9
3
2
3
9
6
5
5
6
3
7
8
2
1
5
3
1
6
8
8
6
3
1
6
8
5
7
4
9
9
Resource requirements for each micro-service type:
38,72
38,49
28,69
32,32
26,35
31,68
35,48
34,53
15,60
13,71
16,73
15,43
21,27
38,47
34,49
21,40
32,47
13,47
35,54
36,30
26,39
32,26
28,47
33,56
19,48
24,64
14,60
30,40
17,41
15,31
Total invoking flow matrix:
0,605,92,236,387,465,819,368,514,815,215,646,856,724,915,582,109,93,397,183,604,680,210,906,262,393,403,226,20,163
0,0,549,891,73,245,708,875,439,785,971,995,115,585,63,584,293,304,287,754,648,872,6,258,535,948,689,620,847,135
0,0,0,785,60,318,577,448,878,266,738,336,826,194,453,371,37,450,266,724,551,235,984,761,53,875,63,750,980,815
0,0,0,0,154,952,382,664,347,508,583,832,111,560,537,786,463,546,756,640,157,590,285,744,957,324,639,609,283,6
0,0,0,0,0,665,751,505,215,160,858,46,936,887,953,363,218,830,843,91,748,383,185,185,270,680,800,7,682,146
0,0,0,0,0,0,416,842,406,406,959,297,333,768,378,615,550,608,12,105,456,436,658,329,801,536,715,156,747,415
0,0,0,0,0,0,0,990,224,418,296,38,69,91,324,756,28,15,89,93,111,543,965,739,54,985,741,358,24,450
0,0,0,0,0,0,0,0,445,211,433,45,89,809,629,134,245,230,592,11,175,632,739,391,425,177,564,979,692,498
0,0,0,0,0,0,0,0,0,959,369,550,653,555,247,645,58,945,518,913,705,371,667,490,643,75,593,177,419,491
0,0,0,0,0,0,0,0,0,0,246,100,353,931,794,281,874,139,422,943,977,437,500,801,790,715,885,916,843,382
0,0,0,0,0,0,0,0,0,0,0,781,390,948,467,113,440,873,666,973,981,49,826,914,838,531,642,641,272,409
0,0,0,0,0,0,0,0,0,0,0,0,814,151,763,88,395,820,233,836,658,900,379,8,185,618,261,727,246,207
0,0,0,0,0,0,0,0,0,0,0,0,0,69,111,563,200,388,154,61,821,73,800,54,643,986,39,292,495,501
0,0,0,0,0,0,0,0,0,0,0,0,0,0,203,567,584,694,207,359,551,116,259,159,809,610,119,106,488,963
0,0,0,0,0,0,0,0,0,0,0,0,0,0,0,612,69,996,467,312,973,957,806,829,734,645,833,800,277,614
0,0,0,0,0,0,0,0,0,0,0,0,0,0,0,0,606,574,83,301,384,205,170,62,204,589,815,385,270,149
0,0,0,0,0,0,0,0,0,0,0,0,0,0,0,0,0,956,293,567,804,301,832,900,264,992,484,148,196,902
0,0,0,0,0,0,0,0,0,0,0,0,0,0,0,0,0,0,393,627,504,127,316,109,411,699,73,742,114,562
0,0,0,0,0,0,0,0,0,0,0,0,0,0,0,0,0,0,0,58,94,631,474,633,185,594,456,940,506,634
0,0,0,0,0,0,0,0,0,0,0,0,0,0,0,0,0,0,0,0,261,472,368,344,889,977,744,772,294,896
0,0,0,0,0,0,0,0,0,0,0,0,0,0,0,0,0,0,0,0,0,586,151,289,225,494,963,619,704,41
0,0,0,0,0,0,0,0,0,0,0,0,0,0,0,0,0,0,0,0,0,0,644,431,326,859,955,990,976,647
0,0,0,0,0,0,0,0,0,0,0,0,0,0,0,0,0,0,0,0,0,0,0,148,370,519,476,357,214,484
0,0,0,0,0,0,0,0,0,0,0,0,0,0,0,0,0,0,0,0,0,0,0,0,702,760,145,502,254,711
0,0,0,0,0,0,0,0,0,0,0,0,0,0,0,0,0,0,0,0,0,0,0,0,0,830,706,881,159,367
0,0,0,0,0,0,0,0,0,0,0,0,0,0,0,0,0,0,0,0,0,0,0,0,0,0,933,981,414,231
0,0,0,0,0,0,0,0,0,0,0,0,0,0,0,0,0,0,0,0,0,0,0,0,0,0,0,966,438,732
0,0,0,0,0,0,0,0,0,0,0,0,0,0,0,0,0,0,0,0,0,0,0,0,0,0,0,0,113,455
0,0,0,0,0,0,0,0,0,0,0,0,0,0,0,0,0,0,0,0,0,0,0,0,0,0,0,0,0,139
0,0,0,0,0,0,0,0,0,0,0,0,0,0,0,0,0,0,0,0,0,0,0,0,0,0,0,0,0,0
