Number of physical machine types:
3
Resources for each physical machine type:
128,256
64,256
128,128
Available number for each physical machine type:
31
31
31
Activation cost for each physical machine type:
200
150
150
Number of micro-service types:
30
Required number for each micro-service type:
4
2
8
3
7
5
2
9
3
4
6
4
3
5
3
10
8
3
3
3
5
3
3
3
6
4
3
8
8
9
Resource requirements for each micro-service type:
33,48
13,41
20,62
14,44
14,35
17,64
14,41
22,54
15,34
25,65
36,62
35,74
33,55
31,70
18,40
16,41
38,49
22,47
19,64
31,72
33,41
33,72
26,54
26,30
14,40
33,71
13,31
28,72
16,35
31,36
Total invoking flow matrix:
0,927,685,756,903,20,38,55,879,530,992,770,289,469,360,909,76,208,279,598,574,210,699,748,648,926,949,621,364,946
0,0,821,630,650,727,556,917,9,778,952,378,969,252,373,156,607,978,470,100,113,991,703,257,501,672,961,352,50,3
0,0,0,114,35,952,516,744,323,669,444,265,117,856,12,644,172,137,964,247,815,289,750,110,727,935,351,453,307,102
0,0,0,0,645,2,498,33,311,258,213,239,444,750,959,726,612,705,509,469,963,73,193,876,638,86,936,764,761,810
0,0,0,0,0,422,320,349,388,924,964,144,518,856,6,236,815,236,984,937,858,875,650,270,291,979,905,255,301,99
0,0,0,0,0,0,222,255,867,693,967,203,213,900,84,307,214,203,466,680,554,595,58,620,106,380,989,236,434,954
0,0,0,0,0,0,0,271,432,433,977,395,774,773,744,532,748,69,314,444,118,595,797,787,595,811,526,334,259,678
0,0,0,0,0,0,0,0,136,807,745,908,163,62,406,850,554,239,819,81,179,365,24,983,871,943,611,309,580,486
0,0,0,0,0,0,0,0,0,877,393,985,258,503,466,936,884,174,207,195,991,159,326,97,558,708,36,976,868,69
0,0,0,0,0,0,0,0,0,0,961,950,225,214,916,58,601,593,494,349,314,387,682,354,567,36,33,995,726,297
0,0,0,0,0,0,0,0,0,0,0,966,538,328,933,727,990,248,145,949,480,391,25,523,516,587,512,1000,883,6
0,0,0,0,0,0,0,0,0,0,0,0,81,452,559,327,959,976,365,371,736,132,850,479,63,15,712,868,903,271
0,0,0,0,0,0,0,0,0,0,0,0,0,611,91,585,810,494,170,430,200,22,246,529,263,500,927,558,33,426
0,0,0,0,0,0,0,0,0,0,0,0,0,0,540,26,418,103,746,763,906,636,214,329,494,620,577,390,450,67
0,0,0,0,0,0,0,0,0,0,0,0,0,0,0,775,793,71,794,732,217,332,4,212,31,871,907,636,990,321
0,0,0,0,0,0,0,0,0,0,0,0,0,0,0,0,827,213,864,135,238,470,892,61,59,604,483,747,856,257
0,0,0,0,0,0,0,0,0,0,0,0,0,0,0,0,0,303,736,142,881,562,633,802,714,711,832,548,838,86
0,0,0,0,0,0,0,0,0,0,0,0,0,0,0,0,0,0,815,172,359,564,830,69,509,967,998,834,119,173
0,0,0,0,0,0,0,0,0,0,0,0,0,0,0,0,0,0,0,273,714,230,748,485,8,467,13,690,785,399
0,0,0,0,0,0,0,0,0,0,0,0,0,0,0,0,0,0,0,0,9,936,55,147,912,511,462,117,393,304
0,0,0,0,0,0,0,0,0,0,0,0,0,0,0,0,0,0,0,0,0,673,658,799,208,793,852,797,987,32
0,0,0,0,0,0,0,0,0,0,0,0,0,0,0,0,0,0,0,0,0,0,971,962,377,523,542,157,281,961
0,0,0,0,0,0,0,0,0,0,0,0,0,0,0,0,0,0,0,0,0,0,0,998,6,115,701,534,126,197
0,0,0,0,0,0,0,0,0,0,0,0,0,0,0,0,0,0,0,0,0,0,0,0,579,76,799,121,226,413
0,0,0,0,0,0,0,0,0,0,0,0,0,0,0,0,0,0,0,0,0,0,0,0,0,365,413,834,712,802
0,0,0,0,0,0,0,0,0,0,0,0,0,0,0,0,0,0,0,0,0,0,0,0,0,0,938,565,427,531
0,0,0,0,0,0,0,0,0,0,0,0,0,0,0,0,0,0,0,0,0,0,0,0,0,0,0,63,581,199
0,0,0,0,0,0,0,0,0,0,0,0,0,0,0,0,0,0,0,0,0,0,0,0,0,0,0,0,521,234
0,0,0,0,0,0,0,0,0,0,0,0,0,0,0,0,0,0,0,0,0,0,0,0,0,0,0,0,0,650
0,0,0,0,0,0,0,0,0,0,0,0,0,0,0,0,0,0,0,0,0,0,0,0,0,0,0,0,0,0
