Number of physical machine types:
3
Resources for each physical machine type:
128,256
64,256
128,128
Available number for each physical machine type:
33
33
33
Activation cost for each physical machine type:
200
150
150
Number of micro-service types:
30
Required number for each micro-service type:
3
4
7
8
10
7
8
3
4
4
1
3
7
7
9
2
5
9
2
6
2
3
2
8
5
3
10
8
3
5
Resource requirements for each micro-service type:
32,59
23,76
35,41
14,42
16,51
17,35
32,32
32,46
29,48
23,37
26,67
19,57
18,61
22,47
25,36
36,64
13,35
35,61
18,62
21,62
22,72
34,69
27,44
34,74
26,75
31,65
33,64
18,74
38,63
27,39
Total invoking flow matrix:
0,281,996,603,591,493,60,316,59,527,723,241,687,532,369,268,897,963,621,521,775,714,916,932,183,297,906,532,655,974
0,0,467,535,256,912,842,776,148,717,993,447,821,795,683,189,372,775,344,759,742,222,797,414,110,467,518,91,858,463
0,0,0,246,10,928,9,803,596,866,56,892,636,77,493,876,356,595,798,186,640,911,976,55,697,281,51,172,405,722
0,0,0,0,460,814,345,241,725,299,167,849,301,852,284,842,272,989,786,59,628,594,904,763,261,190,444,10,687,680
0,0,0,0,0,877,158,103,556,123,56,962,256,133,26,831,160,234,582,567,934,944,134,260,741,686,823,815,576,37
0,0,0,0,0,0,37,397,469,436,190,76,431,862,306,50,721,348,594,420,519,818,80,805,567,50,287,359,888,730
0,0,0,0,0,0,0,227,237,18,820,741,552,675,215,461,458,706,65,432,834,888,748,754,924,317,355,76,974,353
0,0,0,0,0,0,0,0,7,636,705,80,49,910,94,155,144,344,410,466,946,312,887,359,931,90,949,293,487,427
0,0,0,0,0,0,0,0,0,414,468,276,822,2,814,882,565,377,188,765,962,9,275,798,358,514,683,28,451,142
0,0,0,0,0,0,0,0,0,0,687,167,579,736,688,523,407,53,228,419,600,880,616,202,122,43,276,698,47,117
0,0,0,0,0,0,0,0,0,0,0,111,251,202,626,293,993,174,972,476,792,650,542,106,202,22,898,183,42,51
0,0,0,0,0,0,0,0,0,0,0,0,822,438,721,334,729,289,702,357,567,162,635,928,933,523,215,468,126,86
0,0,0,0,0,0,0,0,0,0,0,0,0,902,263,567,310,601,497,80,372,24,363,871,873,640,99,90,856,328
0,0,0,0,0,0,0,0,0,0,0,0,0,0,214,786,70,720,473,652,806,853,533,437,304,811,874,415,951,961
0,0,0,0,0,0,0,0,0,0,0,0,0,0,0,803,464,103,870,846,158,688,344,337,48,816,292,487,233,404
0,0,0,0,0,0,0,0,0,0,0,0,0,0,0,0,531,377,203,383,714,452,495,309,810,687,21,654,708,886
0,0,0,0,0,0,0,0,0,0,0,0,0,0,0,0,0,233,462,574,538,471,890,487,385,93,495,647,436,310
0,0,0,0,0,0,0,0,0,0,0,0,0,0,0,0,0,0,249,654,102,214,8,110,473,387,598,999,360,474
0,0,0,0,0,0,0,0,0,0,0,0,0,0,0,0,0,0,0,286,33,29,174,463,157,544,105,929,741,275
0,0,0,0,0,0,0,0,0,0,0,0,0,0,0,0,0,0,0,0,347,661,864,655,635,686,327,171,506,393
0,0,0,0,0,0,0,0,0,0,0,0,0,0,0,0,0,0,0,0,0,653,585,428,56,126,530,41,971,940
0,0,0,0,0,0,0,0,0,0,0,0,0,0,0,0,0,0,0,0,0,0,61,68,318,330,160,63,805,271
0,0,0,0,0,0,0,0,0,0,0,0,0,0,0,0,0,0,0,0,0,0,0,231,62,301,504,546,210,352
0,0,0,0,0,0,0,0,0,0,0,0,0,0,0,0,0,0,0,0,0,0,0,0,312,930,949,820,974,462
0,0,0,0,0,0,0,0,0,0,0,0,0,0,0,0,0,0,0,0,0,0,0,0,0,391,583,511,676,204
0,0,0,0,0,0,0,0,0,0,0,0,0,0,0,0,0,0,0,0,0,0,0,0,0,0,888,575,760,350
0,0,0,0,0,0,0,0,0,0,0,0,0,0,0,0,0,0,0,0,0,0,0,0,0,0,0,743,126,99
0,0,0,0,0,0,0,0,0,0,0,0,0,0,0,0,0,0,0,0,0,0,0,0,0,0,0,0,113,199
0,0,0,0,0,0,0,0,0,0,0,0,0,0,0,0,0,0,0,0,0,0,0,0,0,0,0,0,0,864
0,0,0,0,0,0,0,0,0,0,0,0,0,0,0,0,0,0,0,0,0,0,0,0,0,0,0,0,0,0
