Number of physical machine types:
3
Resources for each physical machine type:
128,256
64,256
128,128
Available number for each physical machine type:
36
36
36
Activation cost for each physical machine type:
200
150
150
Number of micro-service types:
30
Required number for each micro-service type:
3
8
3
2
1
9
2
1
9
7
4
6
7
9
9
8
2
5
6
7
7
3
10
8
4
9
5
6
6
6
Resource requirements for each micro-service type:
27,75
33,63
31,65
32,38
26,67
37,65
26,38
16,57
17,40
31,29
15,44
32,55
15,50
21,54
18,60
27,58
13,57
32,69
35,32
17,62
23,32
22,31
27,53
20,42
34,64
14,72
17,49
14,26
14,57
19,72
Total invoking flow matrix:
0,943,990,137,923,157,302,761,580,281,670,43,467,858,370,510,405,147,407,204,645,437,760,473,430,58,438,992,63,356
0,0,735,942,141,946,266,127,541,322,205,457,989,104,491,944,326,146,479,71,722,724,119,76,475,513,518,511,569,644
0,0,0,534,866,583,474,774,271,962,312,525,280,836,602,286,36,222,68,661,585,1,649,293,704,653,265,303,75,208
0,0,0,0,254,91,30,685,839,839,625,14,209,465,832,623,144,750,929,855,854,164,100,67,473,306,118,968,937,78
0,0,0,0,0,404,410,665,353,698,130,245,757,582,160,701,84,225,468,29,13,666,723,493,476,750,418,461,989,892
0,0,0,0,0,0,902,288,492,957,333,662,47,359,571,642,228,901,281,773,55,752,946,437,80,409,298,42,430,218
0,0,0,0,0,0,0,19,575,874,889,484,942,655,588,289,999,370,189,866,260,707,869,713,721,941,17,397,8,804
0,0,0,0,0,0,0,0,794,958,235,374,552,303,76,304,931,32,774,315,707,757,374,349,232,382,640,128,693,473
0,0,0,0,0,0,0,0,0,76,712,883,625,95,34,618,12,760,757,35,81,941,233,67,917,795,156,693,579,657
0,0,0,0,0,0,0,0,0,0,626,535,463,962,580,52,338,263,346,306,306,12,863,156,63,369,57,397,847,175
0,0,0,0,0,0,0,0,0,0,0,598,294,195,644,711,946,113,507,418,503,380,68,901,366,37,346,920,543,543
0,0,0,0,0,0,0,0,0,0,0,0,507,858,642,798,140,726,95,62,102,431,444,527,377,111,374,742,337,604
0,0,0,0,0,0,0,0,0,0,0,0,0,718,1,765,410,161,35,429,408,411,481,197,430,762,900,933,399,26
0,0,0,0,0,0,0,0,0,0,0,0,0,0,47,410,970,728,58,119,769,104,288,872,706,312,242,197,583,391
0,0,0,0,0,0,0,0,0,0,0,0,0,0,0,181,637,932,908,226,926,635,982,373,601,577,151,80,153,203
0,0,0,0,0,0,0,0,0,0,0,0,0,0,0,0,2,514,589,506,445,202,28,259,456,973,708,304,949,908
0,0,0,0,0,0,0,0,0,0,0,0,0,0,0,0,0,875,559,16,951,869,28,7,495,339,570,662,238,748
0,0,0,0,0,0,0,0,0,0,0,0,0,0,0,0,0,0,685,683,792,554,835,259,815,621,556,855,307,238
0,0,0,0,0,0,0,0,0,0,0,0,0,0,0,0,0,0,0,761,120,258,371,951,458,977,415,227,284,453
0,0,0,0,0,0,0,0,0,0,0,0,0,0,0,0,0,0,0,0,733,928,59,788,963,818,65,783,312,269
0,0,0,0,0,0,0,0,0,0,0,0,0,0,0,0,0,0,0,0,0,320,774,834,234,304,759,13,992,485
0,0,0,0,0,0,0,0,0,0,0,0,0,0,0,0,0,0,0,0,0,0,205,379,274,66,487,580,223,926
0,0,0,0,0,0,0,0,0,0,0,0,0,0,0,0,0,0,0,0,0,0,0,919,650,791,503,646,666,708
0,0,0,0,0,0,0,0,0,0,0,0,0,0,0,0,0,0,0,0,0,0,0,0,160,423,458,6,727,785
0,0,0,0,0,0,0,0,0,0,0,0,0,0,0,0,0,0,0,0,0,0,0,0,0,961,873,301,883,351
0,0,0,0,0,0,0,0,0,0,0,0,0,0,0,0,0,0,0,0,0,0,0,0,0,0,909,62,889,65
0,0,0,0,0,0,0,0,0,0,0,0,0,0,0,0,0,0,0,0,0,0,0,0,0,0,0,66,903,955
0,0,0,0,0,0,0,0,0,0,0,0,0,0,0,0,0,0,0,0,0,0,0,0,0,0,0,0,538,707
0,0,0,0,0,0,0,0,0,0,0,0,0,0,0,0,0,0,0,0,0,0,0,0,0,0,0,0,0,590
0,0,0,0,0,0,0,0,0,0,0,0,0,0,0,0,0,0,0,0,0,0,0,0,0,0,0,0,0,0
