Number of physical machine types:
3
Resources for each physical machine type:
128,256
64,256
128,128
Available number for each physical machine type:
33
33
33
Activation cost for each physical machine type:
200
150
150
Number of micro-service types:
30
Required number for each micro-service type:
5
3
6
4
3
7
3
7
6
9
7
9
6
8
1
7
8
6
2
5
6
9
8
5
4
3
2
6
2
3
Resource requirements for each micro-service type:
18,44
19,57
21,61
17,57
31,60
35,36
30,55
15,44
29,56
28,40
33,35
14,56
32,67
18,39
25,30
13,35
34,53
36,46
17,35
13,43
19,64
16,65
30,63
24,69
37,61
19,72
27,34
34,52
37,72
17,65
Total invoking flow matrix:
0,197,329,775,414,850,689,234,165,839,631,336,251,465,488,34,867,812,733,275,242,237,863,165,393,903,117,89,901,374
0,0,581,453,509,751,606,2,511,520,842,930,510,222,723,359,363,889,628,138,537,357,580,288,423,166,156,591,575,788
0,0,0,325,479,90,624,355,296,52,894,994,293,503,197,564,720,387,490,344,489,921,404,870,102,785,860,308,183,432
0,0,0,0,872,702,43,898,90,963,764,690,789,612,142,447,156,130,162,282,406,737,75,91,825,790,43,278,247,354
0,0,0,0,0,503,477,454,852,618,201,522,710,818,765,990,702,29,346,754,992,986,113,503,120,565,629,643,591,406
0,0,0,0,0,0,753,745,483,104,208,958,4,465,569,144,11,526,385,981,241,424,210,232,606,180,85,622,248,735
0,0,0,0,0,0,0,466,333,511,232,400,75,677,300,329,701,926,641,175,851,900,566,636,420,338,544,195,44,880
0,0,0,0,0,0,0,0,252,2,343,277,389,976,82,189,906,187,612,45,3,21,681,308,372,804,2,319,623,20
0,0,0,0,0,0,0,0,0,109,692,608,478,518,232,411,747,862,299,669,478,623,622,74,858,371,920,728,290,74
0,0,0,0,0,0,0,0,0,0,476,412,791,250,429,347,747,198,766,811,790,794,841,799,290,534,609,603,589,885
0,0,0,0,0,0,0,0,0,0,0,107,329,114,184,416,638,409,65,473,106,738,140,338,395,224,357,268,921,618
0,0,0,0,0,0,0,0,0,0,0,0,661,5,822,608,976,266,870,163,839,858,768,30,555,204,509,574,928,338
0,0,0,0,0,0,0,0,0,0,0,0,0,667,693,341,466,516,93,329,768,280,830,684,468,730,890,288,554,849
0,0,0,0,0,0,0,0,0,0,0,0,0,0,500,991,66,815,308,104,570,756,646,920,255,748,720,20,499,905
0,0,0,0,0,0,0,0,0,0,0,0,0,0,0,529,400,946,447,541,205,198,353,883,487,372,43,330,131,217
0,0,0,0,0,0,0,0,0,0,0,0,0,0,0,0,904,906,545,496,425,342,814,297,647,934,507,772,270,194
0,0,0,0,0,0,0,0,0,0,0,0,0,0,0,0,0,730,660,569,541,322,320,45,415,713,415,852,175,416
0,0,0,0,0,0,0,0,0,0,0,0,0,0,0,0,0,0,224,225,400,794,583,871,472,993,985,916,918,276
0,0,0,0,0,0,0,0,0,0,0,0,0,0,0,0,0,0,0,342,686,507,667,964,233,895,194,901,987,848
0,0,0,0,0,0,0,0,0,0,0,0,0,0,0,0,0,0,0,0,95,378,784,817,61,105,998,909,543,17
0,0,0,0,0,0,0,0,0,0,0,0,0,0,0,0,0,0,0,0,0,625,525,222,954,362,39,797,697,918
0,0,0,0,0,0,0,0,0,0,0,0,0,0,0,0,0,0,0,0,0,0,400,716,205,953,561,396,562,71
0,0,0,0,0,0,0,0,0,0,0,0,0,0,0,0,0,0,0,0,0,0,0,226,749,634,211,517,787,153
0,0,0,0,0,0,0,0,0,0,0,0,0,0,0,0,0,0,0,0,0,0,0,0,74,949,55,539,310,188
0,0,0,0,0,0,0,0,0,0,0,0,0,0,0,0,0,0,0,0,0,0,0,0,0,715,32,173,376,290
0,0,0,0,0,0,0,0,0,0,0,0,0,0,0,0,0,0,0,0,0,0,0,0,0,0,351,933,243,1
0,0,0,0,0,0,0,0,0,0,0,0,0,0,0,0,0,0,0,0,0,0,0,0,0,0,0,802,710,548
0,0,0,0,0,0,0,0,0,0,0,0,0,0,0,0,0,0,0,0,0,0,0,0,0,0,0,0,619,284
0,0,0,0,0,0,0,0,0,0,0,0,0,0,0,0,0,0,0,0,0,0,0,0,0,0,0,0,0,441
0,0,0,0,0,0,0,0,0,0,0,0,0,0,0,0,0,0,0,0,0,0,0,0,0,0,0,0,0,0
