Number of physical machine types:
3
Resources for each physical machine type:
128,256
64,256
128,128
Available number for each physical machine type:
31
31
31
Activation cost for each physical machine type:
200
150
150
Number of micro-service types:
30
Required number for each micro-service type:
1
6
1
4
7
9
6
2
6
2
3
2
7
7
3
5
9
8
3
2
6
4
4
2
5
5
9
3
9
9
Resource requirements for each micro-service type:
15,51
22,32
27,43
29,75
20,69
20,71
34,47
18,54
21,67
30,48
24,69
35,41
30,35
25,51
32,34
36,55
13,40
19,36
13,42
33,32
37,58
38,69
38,53
13,69
22,39
30,34
19,71
21,38
17,55
28,38
Total invoking flow matrix:
0,114,924,431,971,439,118,46,184,772,17,116,468,465,109,342,31,772,125,819,904,92,50,133,412,735,356,707,674,875
0,0,537,388,207,61,135,376,560,214,830,305,600,158,130,130,265,571,751,730,478,906,923,859,205,677,783,407,950,549
0,0,0,454,716,155,208,352,56,556,368,733,37,119,773,280,60,858,738,143,620,241,576,338,282,630,914,670,694,148
0,0,0,0,404,486,281,925,633,691,542,294,582,966,861,636,25,294,943,370,699,422,45,236,525,208,402,15,682,262
0,0,0,0,0,778,727,438,808,643,705,567,226,911,605,621,919,353,188,216,606,83,485,834,818,717,495,871,101,366
0,0,0,0,0,0,543,823,818,144,374,621,837,917,229,310,816,700,623,313,90,749,441,796,154,622,248,426,934,407
0,0,0,0,0,0,0,365,747,642,372,189,934,298,569,372,502,920,933,160,272,668,399,69,413,352,665,277,869,92
0,0,0,0,0,0,0,0,927,972,164,899,208,677,378,81,256,938,62,952,859,25,241,710,311,545,928,858,825,204
0,0,0,0,0,0,0,0,0,561,498,595,739,391,498,400,65,921,785,444,350,272,120,423,452,261,581,620,215,47
0,0,0,0,0,0,0,0,0,0,335,396,707,838,548,35,197,24,262,765,994,45,993,196,780,688,618,386,300,663
0,0,0,0,0,0,0,0,0,0,0,26,33,567,610,938,933,639,172,373,931,479,589,76,808,478,337,44,665,264
0,0,0,0,0,0,0,0,0,0,0,0,997,586,845,998,531,525,779,160,555,969,363,376,150,621,259,216,308,754
0,0,0,0,0,0,0,0,0,0,0,0,0,731,864,411,386,726,709,120,401,141,815,511,859,246,495,439,964,819
0,0,0,0,0,0,0,0,0,0,0,0,0,0,380,176,624,114,804,874,126,400,238,276,941,359,19,365,475,495
0,0,0,0,0,0,0,0,0,0,0,0,0,0,0,804,578,747,122,269,138,762,280,535,832,433,900,253,777,823
0,0,0,0,0,0,0,0,0,0,0,0,0,0,0,0,269,582,537,165,337,784,795,288,538,151,409,644,560,357
0,0,0,0,0,0,0,0,0,0,0,0,0,0,0,0,0,480,297,690,697,185,360,968,292,208,932,963,692,266
0,0,0,0,0,0,0,0,0,0,0,0,0,0,0,0,0,0,250,51,525,851,470,815,732,903,888,97,680,737
0,0,0,0,0,0,0,0,0,0,0,0,0,0,0,0,0,0,0,331,620,290,49,18,289,46,770,238,302,911
0,0,0,0,0,0,0,0,0,0,0,0,0,0,0,0,0,0,0,0,8,86,319,796,345,325,988,538,67,47
0,0,0,0,0,0,0,0,0,0,0,0,0,0,0,0,0,0,0,0,0,710,890,946,839,372,477,126,324,993
0,0,0,0,0,0,0,0,0,0,0,0,0,0,0,0,0,0,0,0,0,0,26,523,622,256,489,808,459,842
0,0,0,0,0,0,0,0,0,0,0,0,0,0,0,0,0,0,0,0,0,0,0,864,842,857,714,806,63,547
0,0,0,0,0,0,0,0,0,0,0,0,0,0,0,0,0,0,0,0,0,0,0,0,722,200,52,207,250,533
0,0,0,0,0,0,0,0,0,0,0,0,0,0,0,0,0,0,0,0,0,0,0,0,0,546,536,153,850,236
0,0,0,0,0,0,0,0,0,0,0,0,0,0,0,0,0,0,0,0,0,0,0,0,0,0,591,63,774,953
0,0,0,0,0,0,0,0,0,0,0,0,0,0,0,0,0,0,0,0,0,0,0,0,0,0,0,968,567,360
0,0,0,0,0,0,0,0,0,0,0,0,0,0,0,0,0,0,0,0,0,0,0,0,0,0,0,0,846,604
0,0,0,0,0,0,0,0,0,0,0,0,0,0,0,0,0,0,0,0,0,0,0,0,0,0,0,0,0,854
0,0,0,0,0,0,0,0,0,0,0,0,0,0,0,0,0,0,0,0,0,0,0,0,0,0,0,0,0,0
