Number of physical machine types:
3
Resources for each physical machine type:
128,256
64,256
128,128
Available number for each physical machine type:
37
37
37
Activation cost for each physical machine type:
200
150
150
Number of micro-service types:
30
Required number for each micro-service type:
7
4
8
4
3
8
5
8
1
6
6
5
2
9
2
1
9
8
9
10
10
9
10
2
2
6
7
2
8
8
Resource requirements for each micro-service type:
34,62
35,67
21,34
36,55
26,47
30,67
36,67
24,50
32,64
33,40
17,55
15,47
23,49
14,28
28,42
16,57
21,64
21,41
16,70
17,63
18,62
13,50
26,71
35,49
31,57
25,59
25,50
34,35
16,71
33,70
Total invoking flow matrix:
0,270,847,551,589,989,467,863,599,41,447,444,101,685,150,545,46,610,362,753,221,83,445,398,601,93,829,399,196,19
0,0,344,112,919,218,834,236,719,836,918,646,794,248,66,126,957,372,500,19,822,774,967,267,20,819,990,337,173,833
0,0,0,740,814,236,612,6,995,870,124,687,308,324,963,737,292,351,349,251,703,971,402,318,432,606,422,937,891,815
0,0,0,0,211,980,82,187,850,578,692,686,155,479,782,184,815,68,338,750,507,324,726,437,892,997,729,53,740,375
0,0,0,0,0,40,409,632,203,142,177,965,721,556,217,40,783,300,469,409,520,565,654,705,249,779,986,284,653,539
0,0,0,0,0,0,464,162,697,989,682,544,740,860,752,60,542,342,848,393,261,751,722,794,957,212,465,195,341,887
0,0,0,0,0,0,0,612,475,427,195,305,254,558,891,809,128,806,634,324,166,354,142,426,288,461,983,58,110,0
0,0,0,0,0,0,0,0,938,581,278,451,787,695,672,342,820,684,721,264,822,37,100,724,21,835,667,700,11,259
0,0,0,0,0,0,0,0,0,831,432,206,726,461,63,725,681,41,782,677,739,61,70,583,98,816,177,753,420,691
0,0,0,0,0,0,0,0,0,0,274,811,483,900,237,318,395,72,872,356,920,453,509,536,144,298,807,483,251,699
0,0,0,0,0,0,0,0,0,0,0,64,971,878,19,488,859,365,934,63,560,527,258,132,373,718,459,937,459,517
0,0,0,0,0,0,0,0,0,0,0,0,789,822,277,184,168,45,705,170,760,117,978,583,393,847,524,23,476,975
0,0,0,0,0,0,0,0,0,0,0,0,0,820,34,666,481,905,180,104,212,624,204,986,9,170,334,596,778,639
0,0,0,0,0,0,0,0,0,0,0,0,0,0,63,235,496,472,415,704,985,189,606,886,726,889,775,25,765,718
0,0,0,0,0,0,0,0,0,0,0,0,0,0,0,662,907,826,367,47,611,406,489,88,733,899,185,693,1,325
0,0,0,0,0,0,0,0,0,0,0,0,0,0,0,0,282,696,138,246,667,448,41,149,312,706,655,84,867,601
0,0,0,0,0,0,0,0,0,0,0,0,0,0,0,0,0,237,215,134,487,501,73,157,474,927,619,426,48,215
0,0,0,0,0,0,0,0,0,0,0,0,0,0,0,0,0,0,185,349,985,872,700,231,912,24,769,360,78,83
0,0,0,0,0,0,0,0,0,0,0,0,0,0,0,0,0,0,0,524,423,777,428,412,590,219,904,778,713,808
0,0,0,0,0,0,0,0,0,0,0,0,0,0,0,0,0,0,0,0,197,970,876,552,830,310,286,607,683,446
0,0,0,0,0,0,0,0,0,0,0,0,0,0,0,0,0,0,0,0,0,47,885,452,245,769,745,53,794,917
0,0,0,0,0,0,0,0,0,0,0,0,0,0,0,0,0,0,0,0,0,0,841,902,244,72,114,135,481,694
0,0,0,0,0,0,0,0,0,0,0,0,0,0,0,0,0,0,0,0,0,0,0,545,346,662,190,571,559,269
0,0,0,0,0,0,0,0,0,0,0,0,0,0,0,0,0,0,0,0,0,0,0,0,862,23,849,821,99,59
0,0,0,0,0,0,0,0,0,0,0,0,0,0,0,0,0,0,0,0,0,0,0,0,0,768,816,334,626,163
0,0,0,0,0,0,0,0,0,0,0,0,0,0,0,0,0,0,0,0,0,0,0,0,0,0,584,408,219,311
0,0,0,0,0,0,0,0,0,0,0,0,0,0,0,0,0,0,0,0,0,0,0,0,0,0,0,923,396,324
0,0,0,0,0,0,0,0,0,0,0,0,0,0,0,0,0,0,0,0,0,0,0,0,0,0,0,0,929,164
0,0,0,0,0,0,0,0,0,0,0,0,0,0,0,0,0,0,0,0,0,0,0,0,0,0,0,0,0,228
0,0,0,0,0,0,0,0,0,0,0,0,0,0,0,0,0,0,0,0,0,0,0,0,0,0,0,0,0,0
