Number of physical machine types:
3
Resources for each physical machine type:
128,256
64,256
128,128
Available number for each physical machine type:
36
36
36
Activation cost for each physical machine type:
200
150
150
Number of micro-service types:
30
Required number for each micro-service type:
2
9
5
10
4
10
2
8
2
3
5
10
7
7
4
1
7
9
4
8
9
4
3
7
9
5
8
6
5
1
Resource requirements for each micro-service type:
29,39
34,59
32,49
31,76
15,27
27,51
20,55
18,68
34,33
17,56
17,70
24,33
27,42
22,71
19,74
14,73
24,56
38,48
33,36
25,46
32,41
22,70
25,49
32,47
16,66
29,43
28,54
13,41
24,64
38,67
Total invoking flow matrix:
0,424,590,839,551,896,554,251,836,702,833,120,181,912,878,765,433,17,615,730,681,40,887,623,861,187,588,181,379,759
0,0,264,145,718,44,170,868,7,290,747,995,641,119,479,346,977,697,746,378,198,76,93,581,950,410,77,832,982,963
0,0,0,477,202,107,88,299,285,240,341,365,961,374,225,647,613,175,993,934,71,142,93,296,346,269,81,40,692,147
0,0,0,0,491,135,870,662,922,650,1,582,287,327,239,566,441,181,397,613,975,839,787,11,718,16,959,797,467,931
0,0,0,0,0,439,884,777,769,952,687,691,395,465,36,3,252,533,242,257,781,621,507,658,473,751,277,194,30,308
0,0,0,0,0,0,507,836,710,325,454,846,327,693,726,35,796,417,581,607,896,299,246,810,887,251,198,311,39,699
0,0,0,0,0,0,0,822,189,435,345,680,862,648,778,580,496,844,868,174,88,719,892,713,72,76,40,334,889,87
0,0,0,0,0,0,0,0,886,191,166,125,201,511,987,957,932,365,501,90,296,155,964,848,545,396,597,836,892,165
0,0,0,0,0,0,0,0,0,554,162,444,159,950,603,100,383,767,286,251,675,698,99,275,863,155,24,906,421,613
0,0,0,0,0,0,0,0,0,0,85,580,952,863,313,722,812,768,172,56,5,63,192,183,454,482,695,662,681,232
0,0,0,0,0,0,0,0,0,0,0,80,923,682,821,730,622,343,773,814,14,416,148,153,627,399,876,386,277,228
0,0,0,0,0,0,0,0,0,0,0,0,496,264,503,346,552,922,766,814,132,278,78,599,704,550,480,42,538,564
0,0,0,0,0,0,0,0,0,0,0,0,0,596,4,574,70,317,730,244,918,206,854,77,821,74,872,550,623,556
0,0,0,0,0,0,0,0,0,0,0,0,0,0,504,802,591,293,64,932,257,937,8,212,149,341,840,843,944,590
0,0,0,0,0,0,0,0,0,0,0,0,0,0,0,770,924,163,223,413,158,946,14,545,349,830,437,327,778,222
0,0,0,0,0,0,0,0,0,0,0,0,0,0,0,0,233,162,924,153,422,139,953,112,86,993,126,397,679,81
0,0,0,0,0,0,0,0,0,0,0,0,0,0,0,0,0,267,395,316,945,1000,815,756,274,125,215,154,670,437
0,0,0,0,0,0,0,0,0,0,0,0,0,0,0,0,0,0,894,788,447,909,270,854,860,935,978,337,883,104
0,0,0,0,0,0,0,0,0,0,0,0,0,0,0,0,0,0,0,741,404,72,846,476,634,338,275,597,108,408
0,0,0,0,0,0,0,0,0,0,0,0,0,0,0,0,0,0,0,0,376,578,861,719,560,860,452,487,698,979
0,0,0,0,0,0,0,0,0,0,0,0,0,0,0,0,0,0,0,0,0,384,437,935,498,120,561,692,341,527
0,0,0,0,0,0,0,0,0,0,0,0,0,0,0,0,0,0,0,0,0,0,207,611,940,584,469,427,436,226
0,0,0,0,0,0,0,0,0,0,0,0,0,0,0,0,0,0,0,0,0,0,0,733,534,769,168,321,301,500
0,0,0,0,0,0,0,0,0,0,0,0,0,0,0,0,0,0,0,0,0,0,0,0,702,503,828,995,106,511
0,0,0,0,0,0,0,0,0,0,0,0,0,0,0,0,0,0,0,0,0,0,0,0,0,113,886,527,163,744
0,0,0,0,0,0,0,0,0,0,0,0,0,0,0,0,0,0,0,0,0,0,0,0,0,0,235,486,59,313
0,0,0,0,0,0,0,0,0,0,0,0,0,0,0,0,0,0,0,0,0,0,0,0,0,0,0,96,675,402
0,0,0,0,0,0,0,0,0,0,0,0,0,0,0,0,0,0,0,0,0,0,0,0,0,0,0,0,638,821
0,0,0,0,0,0,0,0,0,0,0,0,0,0,0,0,0,0,0,0,0,0,0,0,0,0,0,0,0,772
0,0,0,0,0,0,0,0,0,0,0,0,0,0,0,0,0,0,0,0,0,0,0,0,0,0,0,0,0,0
