Number of physical machine types:
3
Resources for each physical machine type:
128,256
64,256
128,128
Available number for each physical machine type:
37
37
37
Activation cost for each physical machine type:
200
150
150
Number of micro-service types:
30
Required number for each micro-service type:
7
10
9
4
6
9
4
4
3
8
10
2
7
7
5
6
2
7
5
6
2
8
3
4
4
8
8
9
9
4
Resource requirements for each micro-service type:
26,75
25,66
28,27
21,37
25,58
25,36
18,57
37,55
30,57
32,60
30,60
25,49
30,55
20,28
18,53
36,61
32,48
35,38
30,33
21,63
15,67
14,56
38,76
22,43
16,62
13,33
15,74
22,32
17,75
38,54
Total invoking flow matrix:
0,85,604,269,304,349,690,414,644,437,762,539,665,72,425,769,589,847,743,794,956,43,58,46,728,995,4,831,481,479
0,0,16,502,842,836,180,903,783,586,858,314,333,412,868,776,84,744,23,303,603,854,454,801,414,390,189,295,281,964
0,0,0,572,511,691,138,691,777,862,626,364,460,978,584,139,654,436,264,780,954,774,281,603,757,673,743,994,216,190
0,0,0,0,381,214,698,584,133,338,353,410,979,135,690,721,989,669,186,885,520,497,171,838,982,206,436,923,402,344
0,0,0,0,0,267,485,12,883,547,514,203,536,407,473,115,276,374,457,132,381,873,777,383,594,927,932,979,74,714
0,0,0,0,0,0,932,205,156,658,884,390,893,584,980,759,143,575,555,786,312,792,732,349,346,786,324,215,416,349
0,0,0,0,0,0,0,612,590,581,329,12,492,13,603,593,334,224,42,758,754,134,866,386,87,564,716,118,741,680
0,0,0,0,0,0,0,0,13,267,770,77,486,297,724,92,301,321,958,85,300,57,604,697,5,814,296,474,720,1
0,0,0,0,0,0,0,0,0,404,195,48,388,273,139,982,684,926,81,913,889,512,23,726,713,615,101,28,660,540
0,0,0,0,0,0,0,0,0,0,802,429,892,957,926,213,930,887,873,864,416,518,135,823,574,831,12,722,922,217
0,0,0,0,0,0,0,0,0,0,0,781,810,533,785,875,537,824,413,921,873,417,647,745,751,715,815,638,662,431
0,0,0,0,0,0,0,0,0,0,0,0,675,138,104,317,944,437,895,457,183,834,373,248,461,795,31,939,435,361
0,0,0,0,0,0,0,0,0,0,0,0,0,633,994,985,895,167,219,870,638,14,572,701,987,560,516,541,210,410
0,0,0,0,0,0,0,0,0,0,0,0,0,0,926,313,347,277,629,282,133,418,20,149,125,935,692,29,948,798
0,0,0,0,0,0,0,0,0,0,0,0,0,0,0,2,998,347,198,986,183,34,422,512,625,905,299,695,980,634
0,0,0,0,0,0,0,0,0,0,0,0,0,0,0,0,151,247,980,978,290,735,904,860,420,832,189,771,404,283
0,0,0,0,0,0,0,0,0,0,0,0,0,0,0,0,0,925,613,700,297,26,788,6,479,225,194,964,207,529
0,0,0,0,0,0,0,0,0,0,0,0,0,0,0,0,0,0,895,954,481,417,133,916,959,252,563,404,558,536
0,0,0,0,0,0,0,0,0,0,0,0,0,0,0,0,0,0,0,65,310,490,852,528,79,449,75,491,788,79
0,0,0,0,0,0,0,0,0,0,0,0,0,0,0,0,0,0,0,0,625,334,157,233,835,215,664,27,332,99
0,0,0,0,0,0,0,0,0,0,0,0,0,0,0,0,0,0,0,0,0,136,381,677,699,708,309,13,249,537
0,0,0,0,0,0,0,0,0,0,0,0,0,0,0,0,0,0,0,0,0,0,132,468,773,82,599,115,997,762
0,0,0,0,0,0,0,0,0,0,0,0,0,0,0,0,0,0,0,0,0,0,0,346,523,172,304,576,199,953
0,0,0,0,0,0,0,0,0,0,0,0,0,0,0,0,0,0,0,0,0,0,0,0,826,256,447,680,313,566
0,0,0,0,0,0,0,0,0,0,0,0,0,0,0,0,0,0,0,0,0,0,0,0,0,314,543,792,520,541
0,0,0,0,0,0,0,0,0,0,0,0,0,0,0,0,0,0,0,0,0,0,0,0,0,0,480,270,908,958
0,0,0,0,0,0,0,0,0,0,0,0,0,0,0,0,0,0,0,0,0,0,0,0,0,0,0,407,685,756
0,0,0,0,0,0,0,0,0,0,0,0,0,0,0,0,0,0,0,0,0,0,0,0,0,0,0,0,765,692
0,0,0,0,0,0,0,0,0,0,0,0,0,0,0,0,0,0,0,0,0,0,0,0,0,0,0,0,0,194
0,0,0,0,0,0,0,0,0,0,0,0,0,0,0,0,0,0,0,0,0,0,0,0,0,0,0,0,0,0
