Number of physical machine types:
3
Resources for each physical machine type:
128,256
64,256
128,128
Available number for each physical machine type:
31
31
31
Activation cost for each physical machine type:
200
150
150
Number of micro-service types:
30
Required number for each micro-service type:
9
9
7
2
9
9
7
6
2
4
5
8
4
5
2
3
2
3
3
9
3
2
5
7
4
7
1
2
5
5
Resource requirements for each micro-service type:
33,38
30,43
32,51
17,38
15,45
35,40
17,36
34,36
35,64
14,39
21,32
24,58
15,64
16,26
33,40
35,70
16,62
30,49
32,68
32,60
38,52
26,40
29,77
22,42
22,61
32,37
27,57
37,73
26,48
31,71
Total invoking flow matrix:
0,614,608,257,923,691,87,192,80,139,480,865,705,739,51,798,286,524,499,193,350,371,106,328,366,383,815,134,955,644
0,0,181,616,969,738,160,151,914,896,224,519,487,820,713,967,969,839,164,578,802,801,770,678,274,169,955,466,977,79
0,0,0,897,981,579,377,855,749,584,694,90,15,315,749,905,322,252,375,682,642,579,944,872,385,869,871,481,742,756
0,0,0,0,347,992,517,899,370,737,559,169,367,353,326,859,612,464,832,967,902,1000,753,971,871,714,958,659,336,126
0,0,0,0,0,543,579,151,492,727,748,816,390,943,130,283,397,285,703,109,919,477,720,911,310,7,912,59,599,251
0,0,0,0,0,0,982,332,115,157,374,451,737,726,386,191,117,425,785,836,770,204,151,809,934,533,153,567,62,4
0,0,0,0,0,0,0,539,831,193,32,802,235,372,244,972,879,911,223,418,240,34,812,625,472,21,231,172,977,871
0,0,0,0,0,0,0,0,58,942,692,939,214,140,894,319,107,494,608,376,520,426,730,421,748,408,131,942,487,768
0,0,0,0,0,0,0,0,0,55,270,270,203,466,639,458,563,263,911,67,146,983,484,319,992,325,298,285,30,14
0,0,0,0,0,0,0,0,0,0,587,538,475,190,526,68,68,563,893,52,903,376,56,596,846,120,542,152,719,904
0,0,0,0,0,0,0,0,0,0,0,390,688,129,651,194,89,695,875,395,966,976,178,239,290,746,412,880,206,419
0,0,0,0,0,0,0,0,0,0,0,0,603,314,624,361,199,424,987,83,381,332,11,108,167,788,260,433,591,222
0,0,0,0,0,0,0,0,0,0,0,0,0,109,327,382,251,46,107,589,134,884,369,295,43,286,380,77,445,605
0,0,0,0,0,0,0,0,0,0,0,0,0,0,373,624,609,932,637,351,999,553,135,391,487,548,241,77,289,765
0,0,0,0,0,0,0,0,0,0,0,0,0,0,0,444,206,412,122,313,89,28,430,857,11,911,628,958,851,279
0,0,0,0,0,0,0,0,0,0,0,0,0,0,0,0,212,163,437,270,773,418,807,751,418,505,114,441,571,215
0,0,0,0,0,0,0,0,0,0,0,0,0,0,0,0,0,330,344,939,748,677,473,738,501,948,760,713,159,233
0,0,0,0,0,0,0,0,0,0,0,0,0,0,0,0,0,0,871,182,146,570,604,718,131,523,727,944,130,142
0,0,0,0,0,0,0,0,0,0,0,0,0,0,0,0,0,0,0,116,483,533,809,259,449,771,379,61,114,737
0,0,0,0,0,0,0,0,0,0,0,0,0,0,0,0,0,0,0,0,632,303,996,684,5,535,599,740,870,622
0,0,0,0,0,0,0,0,0,0,0,0,0,0,0,0,0,0,0,0,0,807,905,170,795,808,62,463,59,944
0,0,0,0,0,0,0,0,0,0,0,0,0,0,0,0,0,0,0,0,0,0,387,968,930,45,779,142,335,545
0,0,0,0,0,0,0,0,0,0,0,0,0,0,0,0,0,0,0,0,0,0,0,75,344,172,87,619,118,324
0,0,0,0,0,0,0,0,0,0,0,0,0,0,0,0,0,0,0,0,0,0,0,0,879,948,951,152,970,490
0,0,0,0,0,0,0,0,0,0,0,0,0,0,0,0,0,0,0,0,0,0,0,0,0,96,902,524,462,11
0,0,0,0,0,0,0,0,0,0,0,0,0,0,0,0,0,0,0,0,0,0,0,0,0,0,529,533,564,635
0,0,0,0,0,0,0,0,0,0,0,0,0,0,0,0,0,0,0,0,0,0,0,0,0,0,0,825,709,909
0,0,0,0,0,0,0,0,0,0,0,0,0,0,0,0,0,0,0,0,0,0,0,0,0,0,0,0,132,116
0,0,0,0,0,0,0,0,0,0,0,0,0,0,0,0,0,0,0,0,0,0,0,0,0,0,0,0,0,949
0,0,0,0,0,0,0,0,0,0,0,0,0,0,0,0,0,0,0,0,0,0,0,0,0,0,0,0,0,0
