Number of physical machine types:
3
Resources for each physical machine type:
128,256
64,256
128,128
Available number for each physical machine type:
41
41
41
Activation cost for each physical machine type:
200
150
150
Number of micro-service types:
30
Required number for each micro-service type:
5
6
5
4
7
8
9
9
9
9
9
7
2
8
8
9
4
2
2
9
8
4
5
8
7
3
9
9
7
8
Resource requirements for each micro-service type:
15,68
37,35
32,40
33,41
22,27
13,53
20,28
19,35
25,59
15,31
34,29
17,45
19,52
16,70
24,47
28,42
14,61
19,47
29,69
26,52
38,56
33,33
16,65
28,50
23,68
33,45
24,34
29,68
27,59
35,59
Total invoking flow matrix:
0,927,874,457,549,544,95,58,496,573,110,181,148,350,319,90,431,442,900,158,711,783,511,552,326,142,245,259,394,560
0,0,982,158,669,922,426,23,636,488,919,998,718,470,357,75,904,915,746,449,833,518,484,670,576,878,302,111,675,771
0,0,0,434,693,445,241,92,457,329,995,756,911,49,924,141,344,257,466,275,577,144,471,605,565,409,920,621,368,24
0,0,0,0,124,861,217,198,19,328,850,838,804,637,870,575,515,281,400,893,389,903,103,869,446,644,581,562,217,414
0,0,0,0,0,21,562,633,387,897,4,361,481,332,295,945,65,190,982,371,447,658,333,773,610,604,238,840,603,64
0,0,0,0,0,0,291,960,797,83,727,860,128,158,374,341,148,250,258,250,487,956,820,866,959,379,854,277,272,847
0,0,0,0,0,0,0,383,90,182,969,576,909,69,502,925,249,839,270,551,976,224,238,804,504,760,953,485,395,835
0,0,0,0,0,0,0,0,83,143,843,757,23,994,222,188,748,346,850,622,387,38,545,47,168,517,720,673,206,285
0,0,0,0,0,0,0,0,0,246,360,633,214,246,189,213,460,713,431,419,836,342,905,444,147,279,735,616,310,625
0,0,0,0,0,0,0,0,0,0,233,73,236,336,517,377,733,773,742,448,103,384,483,741,805,30,596,897,792,483
0,0,0,0,0,0,0,0,0,0,0,634,983,660,806,410,931,411,259,304,320,937,1,732,511,954,486,555,114,406
0,0,0,0,0,0,0,0,0,0,0,0,697,414,759,772,680,50,58,430,282,538,268,509,287,755,810,597,51,258
0,0,0,0,0,0,0,0,0,0,0,0,0,698,69,723,725,5,244,345,4,840,964,50,245,94,46,551,42,479
0,0,0,0,0,0,0,0,0,0,0,0,0,0,697,437,501,566,125,76,305,196,62,465,214,229,535,297,169,487
0,0,0,0,0,0,0,0,0,0,0,0,0,0,0,758,537,153,784,600,344,859,181,469,93,325,26,277,131,507
0,0,0,0,0,0,0,0,0,0,0,0,0,0,0,0,727,20,105,207,784,5,529,368,828,487,693,640,891,443
0,0,0,0,0,0,0,0,0,0,0,0,0,0,0,0,0,393,416,992,751,215,971,790,231,964,131,758,491,787
0,0,0,0,0,0,0,0,0,0,0,0,0,0,0,0,0,0,662,408,280,574,615,671,605,831,261,352,459,678
0,0,0,0,0,0,0,0,0,0,0,0,0,0,0,0,0,0,0,220,874,444,496,721,939,377,8,646,864,809
0,0,0,0,0,0,0,0,0,0,0,0,0,0,0,0,0,0,0,0,726,821,519,604,895,614,163,912,162,511
0,0,0,0,0,0,0,0,0,0,0,0,0,0,0,0,0,0,0,0,0,623,443,303,692,45,610,300,93,20
0,0,0,0,0,0,0,0,0,0,0,0,0,0,0,0,0,0,0,0,0,0,851,174,228,42,846,903,648,940
0,0,0,0,0,0,0,0,0,0,0,0,0,0,0,0,0,0,0,0,0,0,0,67,667,35,557,717,336,407
0,0,0,0,0,0,0,0,0,0,0,0,0,0,0,0,0,0,0,0,0,0,0,0,893,10,17,319,780,771
0,0,0,0,0,0,0,0,0,0,0,0,0,0,0,0,0,0,0,0,0,0,0,0,0,229,325,896,48,502
0,0,0,0,0,0,0,0,0,0,0,0,0,0,0,0,0,0,0,0,0,0,0,0,0,0,967,798,302,72
0,0,0,0,0,0,0,0,0,0,0,0,0,0,0,0,0,0,0,0,0,0,0,0,0,0,0,615,699,596
0,0,0,0,0,0,0,0,0,0,0,0,0,0,0,0,0,0,0,0,0,0,0,0,0,0,0,0,624,591
0,0,0,0,0,0,0,0,0,0,0,0,0,0,0,0,0,0,0,0,0,0,0,0,0,0,0,0,0,239
0,0,0,0,0,0,0,0,0,0,0,0,0,0,0,0,0,0,0,0,0,0,0,0,0,0,0,0,0,0
