Number of physical machine types:
3
Resources for each physical machine type:
128,256
64,256
128,128
Available number for each physical machine type:
35
35
35
Activation cost for each physical machine type:
200
150
150
Number of micro-service types:
30
Required number for each micro-service type:
7
9
4
9
9
7
10
2
1
8
4
2
7
3
8
2
3
9
8
7
3
5
6
7
6
2
5
6
1
7
Resource requirements for each micro-service type:
21,42
23,56
19,26
24,56
16,50
25,71
14,46
26,74
25,31
27,68
14,63
31,49
21,63
29,74
33,55
17,30
29,69
19,43
13,49
35,47
34,39
26,49
35,76
34,30
35,61
25,76
36,77
32,72
25,57
27,53
Total invoking flow matrix:
0,660,489,765,817,354,757,290,890,962,765,709,545,929,787,150,185,470,556,612,825,745,820,46,261,839,673,438,945,470
0,0,421,535,554,676,943,918,79,985,246,807,441,209,462,360,113,194,896,480,590,237,10,947,43,327,32,601,23,542
0,0,0,1,155,658,822,302,268,683,733,913,631,98,202,529,127,806,632,747,863,994,700,591,340,538,192,689,270,911
0,0,0,0,858,243,809,853,943,825,150,82,594,695,274,591,669,419,234,634,157,292,970,81,825,855,712,897,298,523
0,0,0,0,0,982,321,194,228,163,985,785,29,531,184,227,463,383,625,719,89,380,482,970,662,192,783,235,609,45
0,0,0,0,0,0,218,246,993,217,373,89,603,356,766,335,760,464,537,140,987,144,280,589,256,24,398,12,129,136
0,0,0,0,0,0,0,226,585,951,237,503,562,593,975,738,38,183,847,628,469,153,522,57,687,164,262,886,197,610
0,0,0,0,0,0,0,0,203,110,213,33,875,752,46,178,319,469,444,911,457,74,524,208,593,956,779,362,840,597
0,0,0,0,0,0,0,0,0,666,208,245,739,405,460,98,157,914,228,412,188,271,695,305,243,792,67,480,902,766
0,0,0,0,0,0,0,0,0,0,117,329,225,774,182,679,878,37,27,854,922,899,167,567,905,864,1,529,837,162
0,0,0,0,0,0,0,0,0,0,0,772,509,403,101,346,149,856,197,68,782,932,785,320,543,10,750,472,146,7
0,0,0,0,0,0,0,0,0,0,0,0,62,581,328,766,409,158,166,299,877,161,973,381,192,787,139,919,845,442
0,0,0,0,0,0,0,0,0,0,0,0,0,482,268,558,933,629,388,587,606,976,494,676,819,365,742,862,84,970
0,0,0,0,0,0,0,0,0,0,0,0,0,0,156,706,456,871,29,958,555,456,592,463,960,220,892,661,479,553
0,0,0,0,0,0,0,0,0,0,0,0,0,0,0,331,321,59,84,579,298,951,343,757,747,951,32,310,337,947
0,0,0,0,0,0,0,0,0,0,0,0,0,0,0,0,882,566,627,51,894,573,404,541,338,737,841,956,213,255
0,0,0,0,0,0,0,0,0,0,0,0,0,0,0,0,0,573,737,518,399,371,673,50,712,63,972,206,335,559
0,0,0,0,0,0,0,0,0,0,0,0,0,0,0,0,0,0,544,900,676,251,56,548,886,602,105,163,834,628
0,0,0,0,0,0,0,0,0,0,0,0,0,0,0,0,0,0,0,546,447,82,358,923,966,788,39,350,661,845
0,0,0,0,0,0,0,0,0,0,0,0,0,0,0,0,0,0,0,0,508,655,429,686,400,871,628,602,602,935
0,0,0,0,0,0,0,0,0,0,0,0,0,0,0,0,0,0,0,0,0,600,111,468,436,623,155,386,794,712
0,0,0,0,0,0,0,0,0,0,0,0,0,0,0,0,0,0,0,0,0,0,491,279,797,426,509,925,729,810
0,0,0,0,0,0,0,0,0,0,0,0,0,0,0,0,0,0,0,0,0,0,0,886,672,597,869,142,297,265
0,0,0,0,0,0,0,0,0,0,0,0,0,0,0,0,0,0,0,0,0,0,0,0,60,602,282,33,257,843
0,0,0,0,0,0,0,0,0,0,0,0,0,0,0,0,0,0,0,0,0,0,0,0,0,195,80,991,837,320
0,0,0,0,0,0,0,0,0,0,0,0,0,0,0,0,0,0,0,0,0,0,0,0,0,0,341,856,356,910
0,0,0,0,0,0,0,0,0,0,0,0,0,0,0,0,0,0,0,0,0,0,0,0,0,0,0,971,842,335
0,0,0,0,0,0,0,0,0,0,0,0,0,0,0,0,0,0,0,0,0,0,0,0,0,0,0,0,841,614
0,0,0,0,0,0,0,0,0,0,0,0,0,0,0,0,0,0,0,0,0,0,0,0,0,0,0,0,0,281
0,0,0,0,0,0,0,0,0,0,0,0,0,0,0,0,0,0,0,0,0,0,0,0,0,0,0,0,0,0
