Number of physical machine types:
3
Resources for each physical machine type:
128,256
64,256
128,128
Available number for each physical machine type:
34
34
34
Activation cost for each physical machine type:
200
150
150
Number of micro-service types:
30
Required number for each micro-service type:
4
5
2
7
6
7
8
7
1
7
4
7
5
6
6
3
4
9
7
4
10
4
7
4
3
3
9
6
9
1
Resource requirements for each micro-service type:
31,55
17,44
23,31
25,52
25,45
35,72
13,62
27,50
14,64
15,69
17,54
20,67
36,51
26,27
34,43
36,52
14,66
35,41
34,69
19,54
19,40
20,39
20,29
29,39
26,41
24,37
23,30
13,51
14,48
26,65
Total invoking flow matrix:
0,784,41,294,900,412,920,67,847,344,446,542,572,755,276,554,452,21,811,843,513,273,526,882,791,121,395,393,53,586
0,0,265,771,342,140,898,928,743,593,605,911,16,367,260,354,632,395,122,23,692,786,12,732,886,527,535,175,518,109
0,0,0,223,679,818,271,391,165,713,686,956,192,807,320,523,336,468,797,486,214,959,798,629,998,356,839,83,248,806
0,0,0,0,557,455,770,264,368,431,620,237,49,957,570,506,179,35,684,144,437,431,322,153,968,902,559,405,755,488
0,0,0,0,0,221,842,580,736,186,374,679,119,864,437,279,123,403,809,478,878,690,932,711,744,611,332,60,819,392
0,0,0,0,0,0,733,238,273,370,512,654,647,994,254,253,663,786,231,930,820,437,730,237,120,281,647,917,363,511
0,0,0,0,0,0,0,804,540,522,928,103,503,681,363,356,260,451,925,57,799,563,488,19,8,720,466,634,118,302
0,0,0,0,0,0,0,0,288,157,319,154,64,283,326,335,643,32,581,693,22,177,354,41,697,841,706,613,457,614
0,0,0,0,0,0,0,0,0,153,444,845,954,304,825,797,65,414,704,583,656,753,564,429,941,798,92,862,578,693
0,0,0,0,0,0,0,0,0,0,6,476,307,199,18,107,218,693,26,520,557,902,55,520,834,351,383,83,706,554
0,0,0,0,0,0,0,0,0,0,0,696,265,587,330,237,148,951,666,283,707,352,8,784,64,664,245,858,861,766
0,0,0,0,0,0,0,0,0,0,0,0,842,798,20,431,134,463,970,65,516,49,708,203,881,890,461,487,189,388
0,0,0,0,0,0,0,0,0,0,0,0,0,379,125,227,132,828,123,905,798,284,815,130,567,504,57,560,192,861
0,0,0,0,0,0,0,0,0,0,0,0,0,0,666,175,499,899,896,65,517,430,298,64,3,376,509,964,623,232
0,0,0,0,0,0,0,0,0,0,0,0,0,0,0,742,613,539,532,564,45,693,579,165,593,393,560,741,917,895
0,0,0,0,0,0,0,0,0,0,0,0,0,0,0,0,628,713,680,953,474,729,124,460,975,83,627,496,988,232
0,0,0,0,0,0,0,0,0,0,0,0,0,0,0,0,0,869,35,536,608,420,646,266,745,83,76,440,318,13
0,0,0,0,0,0,0,0,0,0,0,0,0,0,0,0,0,0,771,798,450,455,423,473,337,775,437,954,402,484
0,0,0,0,0,0,0,0,0,0,0,0,0,0,0,0,0,0,0,616,428,582,126,320,901,459,560,464,439,653
0,0,0,0,0,0,0,0,0,0,0,0,0,0,0,0,0,0,0,0,667,366,894,20,351,626,572,879,68,972
0,0,0,0,0,0,0,0,0,0,0,0,0,0,0,0,0,0,0,0,0,826,220,805,168,573,705,210,944,206
0,0,0,0,0,0,0,0,0,0,0,0,0,0,0,0,0,0,0,0,0,0,767,515,924,683,319,517,768,593
0,0,0,0,0,0,0,0,0,0,0,0,0,0,0,0,0,0,0,0,0,0,0,419,427,494,891,388,461,452
0,0,0,0,0,0,0,0,0,0,0,0,0,0,0,0,0,0,0,0,0,0,0,0,973,101,999,308,310,269
0,0,0,0,0,0,0,0,0,0,0,0,0,0,0,0,0,0,0,0,0,0,0,0,0,553,35,115,904,298
0,0,0,0,0,0,0,0,0,0,0,0,0,0,0,0,0,0,0,0,0,0,0,0,0,0,393,38,414,46
0,0,0,0,0,0,0,0,0,0,0,0,0,0,0,0,0,0,0,0,0,0,0,0,0,0,0,550,153,917
0,0,0,0,0,0,0,0,0,0,0,0,0,0,0,0,0,0,0,0,0,0,0,0,0,0,0,0,418,708
0,0,0,0,0,0,0,0,0,0,0,0,0,0,0,0,0,0,0,0,0,0,0,0,0,0,0,0,0,219
0,0,0,0,0,0,0,0,0,0,0,0,0,0,0,0,0,0,0,0,0,0,0,0,0,0,0,0,0,0
