Number of physical machine types:
3
Resources for each physical machine type:
128,256
64,256
128,128
Available number for each physical machine type:
58
58
58
Activation cost for each physical machine type:
200
150
150
Number of micro-service types:
40
Required number for each micro-service type:
5
4
6
15
1
5
3
8
15
5
14
12
9
4
7
7
12
1
12
6
12
8
3
5
7
7
2
9
6
3
1
9
7
7
4
5
8
5
13
11
Resource requirements for each micro-service type:
32,40
33,55
31,31
33,73
24,50
13,34
20,63
19,48
36,56
29,31
23,62
15,71
14,48
14,45
17,58
37,61
20,73
32,61
14,28
24,64
18,29
25,36
28,60
32,66
14,56
35,58
28,75
27,51
21,65
16,53
21,62
13,62
20,30
23,58
15,33
38,68
34,75
36,71
13,31
33,41
Total invoking flow matrix:
0,871,371,919,103,832,812,25,870,931,293,62,283,25,11,70,922,313,905,771,816,208,110,116,312,810,545,790,429,595,901,326,711,839,126,894,597,176,890,542
0,0,261,112,258,653,248,101,566,303,732,840,296,177,980,162,992,248,805,887,696,382,761,626,845,356,74,892,364,622,240,428,721,15,832,717,932,433,177,91
0,0,0,990,373,235,471,730,14,284,112,498,974,445,618,122,245,674,357,308,561,591,836,512,41,838,922,934,134,448,325,79,437,149,721,33,174,68,474,966
0,0,0,0,815,50,705,723,3,668,997,380,377,830,671,238,852,591,937,219,397,691,908,143,598,429,973,466,218,807,52,109,801,514,66,4,679,692,299,691
0,0,0,0,0,922,583,883,935,105,856,553,311,742,193,24,780,304,512,426,94,547,605,735,161,670,246,925,106,193,5,417,655,85,832,351,559,994,486,769
0,0,0,0,0,0,772,717,251,101,773,365,946,582,908,543,771,433,663,205,919,376,680,466,910,583,277,77,249,526,172,252,275,394,698,987,726,551,425,583
0,0,0,0,0,0,0,318,37,14,329,934,133,90,581,276,243,344,506,738,535,528,595,68,379,443,784,464,579,445,640,24,932,597,24,635,198,807,8,236
0,0,0,0,0,0,0,0,44,112,953,443,161,474,657,599,45,31,690,684,836,760,895,569,569,48,940,202,142,844,421,318,116,209,814,804,926,394,733,396
0,0,0,0,0,0,0,0,0,849,372,618,618,980,896,51,117,359,732,289,983,960,276,686,197,298,354,634,479,536,517,163,618,563,876,991,174,61,193,320
0,0,0,0,0,0,0,0,0,0,797,192,476,183,423,980,147,701,509,332,727,102,279,978,515,998,170,0,567,69,767,363,169,563,586,217,67,833,819,191
0,0,0,0,0,0,0,0,0,0,0,658,783,419,910,479,967,47,983,523,593,523,853,297,877,549,369,110,71,915,939,778,617,269,844,909,948,744,913,645
0,0,0,0,0,0,0,0,0,0,0,0,530,86,309,411,742,632,334,922,248,377,332,863,967,794,528,634,543,327,477,845,36,188,447,819,862,85,117,582
0,0,0,0,0,0,0,0,0,0,0,0,0,183,738,641,6,185,565,492,90,269,191,748,580,537,824,734,529,118,976,142,473,381,85,765,642,651,492,728
0,0,0,0,0,0,0,0,0,0,0,0,0,0,148,237,32,493,928,894,253,350,355,955,807,264,104,276,975,404,920,789,270,903,842,819,715,754,66,883
0,0,0,0,0,0,0,0,0,0,0,0,0,0,0,621,222,815,512,358,617,186,322,422,695,845,226,787,671,541,251,533,219,312,960,218,569,867,317,210
0,0,0,0,0,0,0,0,0,0,0,0,0,0,0,0,248,900,964,661,434,439,475,400,690,944,611,63,436,723,940,421,233,303,832,636,405,393,360,267
0,0,0,0,0,0,0,0,0,0,0,0,0,0,0,0,0,216,281,447,100,975,466,274,702,610,166,295,129,647,74,975,450,560,586,984,588,709,181,446
0,0,0,0,0,0,0,0,0,0,0,0,0,0,0,0,0,0,285,9,713,304,583,311,351,703,972,993,503,228,309,629,749,28,863,35,888,683,646,110
0,0,0,0,0,0,0,0,0,0,0,0,0,0,0,0,0,0,0,79,681,130,808,526,345,334,393,168,107,500,732,0,50,650,461,129,865,51,673,958
0,0,0,0,0,0,0,0,0,0,0,0,0,0,0,0,0,0,0,0,58,333,664,268,407,767,141,994,754,159,31,961,741,5,220,486,688,681,895,807
0,0,0,0,0,0,0,0,0,0,0,0,0,0,0,0,0,0,0,0,0,555,399,134,581,365,424,889,31,7,951,144,733,788,991,561,447,937,742,182
0,0,0,0,0,0,0,0,0,0,0,0,0,0,0,0,0,0,0,0,0,0,75,606,9,932,865,853,825,337,234,861,551,474,638,296,58,688,851,628
0,0,0,0,0,0,0,0,0,0,0,0,0,0,0,0,0,0,0,0,0,0,0,803,420,9,549,631,836,825,638,998,902,96,663,529,95,640,685,88
0,0,0,0,0,0,0,0,0,0,0,0,0,0,0,0,0,0,0,0,0,0,0,0,70,287,688,153,164,938,189,406,182,918,376,403,326,194,651,937
0,0,0,0,0,0,0,0,0,0,0,0,0,0,0,0,0,0,0,0,0,0,0,0,0,635,458,552,756,384,985,670,622,605,283,498,161,242,217,855
0,0,0,0,0,0,0,0,0,0,0,0,0,0,0,0,0,0,0,0,0,0,0,0,0,0,436,837,228,558,709,317,99,974,980,252,924,872,691,614
0,0,0,0,0,0,0,0,0,0,0,0,0,0,0,0,0,0,0,0,0,0,0,0,0,0,0,612,790,129,239,93,420,444,708,266,732,515,729,153
0,0,0,0,0,0,0,0,0,0,0,0,0,0,0,0,0,0,0,0,0,0,0,0,0,0,0,0,99,429,713,362,930,302,306,480,259,873,475,825
0,0,0,0,0,0,0,0,0,0,0,0,0,0,0,0,0,0,0,0,0,0,0,0,0,0,0,0,0,898,276,261,656,388,886,715,801,868,881,185
0,0,0,0,0,0,0,0,0,0,0,0,0,0,0,0,0,0,0,0,0,0,0,0,0,0,0,0,0,0,890,68,773,698,244,559,298,171,88,752
0,0,0,0,0,0,0,0,0,0,0,0,0,0,0,0,0,0,0,0,0,0,0,0,0,0,0,0,0,0,0,123,972,102,710,756,643,340,898,357
0,0,0,0,0,0,0,0,0,0,0,0,0,0,0,0,0,0,0,0,0,0,0,0,0,0,0,0,0,0,0,0,782,618,546,292,489,185,848,157
0,0,0,0,0,0,0,0,0,0,0,0,0,0,0,0,0,0,0,0,0,0,0,0,0,0,0,0,0,0,0,0,0,551,373,43,391,713,35,491
0,0,0,0,0,0,0,0,0,0,0,0,0,0,0,0,0,0,0,0,0,0,0,0,0,0,0,0,0,0,0,0,0,0,50,628,933,890,575,678
0,0,0,0,0,0,0,0,0,0,0,0,0,0,0,0,0,0,0,0,0,0,0,0,0,0,0,0,0,0,0,0,0,0,0,554,926,372,152,279
0,0,0,0,0,0,0,0,0,0,0,0,0,0,0,0,0,0,0,0,0,0,0,0,0,0,0,0,0,0,0,0,0,0,0,0,330,30,279,61
0,0,0,0,0,0,0,0,0,0,0,0,0,0,0,0,0,0,0,0,0,0,0,0,0,0,0,0,0,0,0,0,0,0,0,0,0,456,277,251
0,0,0,0,0,0,0,0,0,0,0,0,0,0,0,0,0,0,0,0,0,0,0,0,0,0,0,0,0,0,0,0,0,0,0,0,0,0,989,943
0,0,0,0,0,0,0,0,0,0,0,0,0,0,0,0,0,0,0,0,0,0,0,0,0,0,0,0,0,0,0,0,0,0,0,0,0,0,0,164
0,0,0,0,0,0,0,0,0,0,0,0,0,0,0,0,0,0,0,0,0,0,0,0,0,0,0,0,0,0,0,0,0,0,0,0,0,0,0,0
