Number of physical machine types:
3
Resources for each physical machine type:
128,256
64,256
128,128
Available number for each physical machine type:
68
68
68
Activation cost for each physical machine type:
200
150
150
Number of micro-service types:
40
Required number for each micro-service type:
9
2
6
1
14
13
11
15
12
7
2
12
9
11
8
11
9
5
3
15
11
10
6
11
7
7
10
3
8
3
4
15
2
8
9
7
2
10
9
14
Resource requirements for each micro-service type:
17,64
32,67
30,44
37,52
33,32
23,36
16,39
25,28
17,33
28,66
29,67
31,54
24,54
21,48
31,28
36,43
17,68
31,55
23,75
35,54
13,74
13,71
18,40
30,56
27,69
19,62
18,55
29,73
38,42
14,67
13,37
29,68
36,71
16,30
38,46
16,33
18,71
33,42
30,52
24,46
Total invoking flow matrix:
0,111,290,917,352,451,856,411,75,963,397,469,926,342,207,893,616,971,363,270,389,705,130,772,544,922,920,621,545,654,328,312,888,342,585,575,331,887,426,791
0,0,278,998,205,152,313,716,476,975,186,968,813,225,16,264,194,18,600,667,418,675,713,511,745,781,424,345,836,677,455,702,359,360,59,529,365,324,243,24
0,0,0,675,128,333,958,838,971,954,431,253,138,799,740,880,133,800,317,87,690,8,856,723,743,43,329,779,960,314,360,766,311,14,283,999,216,506,32,964
0,0,0,0,224,881,155,906,40,13,389,974,443,953,621,798,782,695,844,859,493,951,52,836,183,619,390,164,903,524,593,866,685,518,565,170,516,565,622,987
0,0,0,0,0,688,676,355,937,132,879,670,54,899,868,861,221,704,136,957,438,998,955,216,582,182,391,494,714,84,330,589,762,184,793,175,632,939,928,345
0,0,0,0,0,0,476,744,932,773,1,365,450,121,259,82,95,50,106,527,178,760,759,387,711,573,748,619,190,247,923,883,614,629,652,370,8,851,405,475
0,0,0,0,0,0,0,888,223,991,648,629,344,132,350,360,344,994,837,880,443,454,662,236,473,363,199,761,858,710,964,665,495,57,469,119,578,992,28,445
0,0,0,0,0,0,0,0,110,171,562,445,824,278,217,337,806,885,992,431,51,674,809,980,591,431,180,36,743,905,864,492,903,240,71,558,887,810,989,286
0,0,0,0,0,0,0,0,0,799,823,1,667,367,910,24,46,167,143,904,197,106,240,906,361,983,593,602,283,476,833,905,636,802,870,587,102,445,290,281
0,0,0,0,0,0,0,0,0,0,782,452,449,833,763,295,565,659,235,572,29,184,639,589,824,470,260,818,252,111,174,415,438,679,453,125,43,920,107,573
0,0,0,0,0,0,0,0,0,0,0,620,771,781,6,737,164,835,971,718,257,394,313,696,349,596,603,905,271,752,986,192,842,110,244,455,376,27,709,976
0,0,0,0,0,0,0,0,0,0,0,0,203,520,942,649,322,158,834,942,942,208,308,430,679,943,409,3,917,781,999,830,207,896,563,594,118,810,349,139
0,0,0,0,0,0,0,0,0,0,0,0,0,452,618,717,514,23,428,905,510,375,684,302,106,646,465,897,11,55,916,230,259,771,236,496,41,440,537,663
0,0,0,0,0,0,0,0,0,0,0,0,0,0,895,95,467,358,950,428,154,343,681,613,601,438,721,130,35,589,533,267,603,52,875,552,533,663,134,68
0,0,0,0,0,0,0,0,0,0,0,0,0,0,0,67,22,439,442,240,459,327,138,379,886,858,486,334,880,677,851,712,194,370,473,737,133,353,165,148
0,0,0,0,0,0,0,0,0,0,0,0,0,0,0,0,258,852,462,164,887,825,286,707,548,149,970,776,429,490,601,432,317,524,334,12,793,6,850,800
0,0,0,0,0,0,0,0,0,0,0,0,0,0,0,0,0,678,691,905,733,364,846,276,397,951,934,742,409,220,549,517,937,434,722,874,397,675,831,622
0,0,0,0,0,0,0,0,0,0,0,0,0,0,0,0,0,0,215,533,999,37,419,733,8,579,144,318,4,376,265,91,41,993,368,19,934,720,947,585
0,0,0,0,0,0,0,0,0,0,0,0,0,0,0,0,0,0,0,287,337,13,91,143,870,967,658,657,883,306,802,638,26,688,530,188,174,892,71,814
0,0,0,0,0,0,0,0,0,0,0,0,0,0,0,0,0,0,0,0,553,810,631,103,216,104,184,243,242,776,919,380,881,4,719,811,308,924,2,297
0,0,0,0,0,0,0,0,0,0,0,0,0,0,0,0,0,0,0,0,0,892,825,204,186,123,288,619,303,258,895,334,290,956,588,528,813,244,333,803
0,0,0,0,0,0,0,0,0,0,0,0,0,0,0,0,0,0,0,0,0,0,145,264,977,856,753,301,504,672,42,569,47,526,30,750,52,677,719,961
0,0,0,0,0,0,0,0,0,0,0,0,0,0,0,0,0,0,0,0,0,0,0,598,749,376,312,511,994,852,581,148,359,67,130,226,230,83,887,643
0,0,0,0,0,0,0,0,0,0,0,0,0,0,0,0,0,0,0,0,0,0,0,0,235,898,577,528,594,189,279,834,121,969,844,126,613,803,66,172
0,0,0,0,0,0,0,0,0,0,0,0,0,0,0,0,0,0,0,0,0,0,0,0,0,352,697,363,334,643,572,661,52,216,305,651,211,498,644,24
0,0,0,0,0,0,0,0,0,0,0,0,0,0,0,0,0,0,0,0,0,0,0,0,0,0,456,627,710,793,546,496,372,501,132,397,978,173,563,536
0,0,0,0,0,0,0,0,0,0,0,0,0,0,0,0,0,0,0,0,0,0,0,0,0,0,0,104,498,466,636,798,784,280,515,366,316,263,174,905
0,0,0,0,0,0,0,0,0,0,0,0,0,0,0,0,0,0,0,0,0,0,0,0,0,0,0,0,100,180,267,951,881,245,332,787,316,320,859,755
0,0,0,0,0,0,0,0,0,0,0,0,0,0,0,0,0,0,0,0,0,0,0,0,0,0,0,0,0,330,361,861,426,670,212,556,526,142,375,189
0,0,0,0,0,0,0,0,0,0,0,0,0,0,0,0,0,0,0,0,0,0,0,0,0,0,0,0,0,0,781,321,305,510,304,687,179,605,701,363
0,0,0,0,0,0,0,0,0,0,0,0,0,0,0,0,0,0,0,0,0,0,0,0,0,0,0,0,0,0,0,231,585,304,724,384,589,29,91,916
0,0,0,0,0,0,0,0,0,0,0,0,0,0,0,0,0,0,0,0,0,0,0,0,0,0,0,0,0,0,0,0,468,624,663,542,115,25,460,8
0,0,0,0,0,0,0,0,0,0,0,0,0,0,0,0,0,0,0,0,0,0,0,0,0,0,0,0,0,0,0,0,0,483,63,564,264,64,110,174
0,0,0,0,0,0,0,0,0,0,0,0,0,0,0,0,0,0,0,0,0,0,0,0,0,0,0,0,0,0,0,0,0,0,327,50,818,252,72,768
0,0,0,0,0,0,0,0,0,0,0,0,0,0,0,0,0,0,0,0,0,0,0,0,0,0,0,0,0,0,0,0,0,0,0,523,319,785,495,850
0,0,0,0,0,0,0,0,0,0,0,0,0,0,0,0,0,0,0,0,0,0,0,0,0,0,0,0,0,0,0,0,0,0,0,0,500,220,663,372
0,0,0,0,0,0,0,0,0,0,0,0,0,0,0,0,0,0,0,0,0,0,0,0,0,0,0,0,0,0,0,0,0,0,0,0,0,451,825,184
0,0,0,0,0,0,0,0,0,0,0,0,0,0,0,0,0,0,0,0,0,0,0,0,0,0,0,0,0,0,0,0,0,0,0,0,0,0,136,947
0,0,0,0,0,0,0,0,0,0,0,0,0,0,0,0,0,0,0,0,0,0,0,0,0,0,0,0,0,0,0,0,0,0,0,0,0,0,0,911
0,0,0,0,0,0,0,0,0,0,0,0,0,0,0,0,0,0,0,0,0,0,0,0,0,0,0,0,0,0,0,0,0,0,0,0,0,0,0,0
