Number of physical machine types:
3
Resources for each physical machine type:
128,256
64,256
128,128
Available number for each physical machine type:
70
70
70
Activation cost for each physical machine type:
200
150
150
Number of micro-service types:
40
Required number for each micro-service type:
12
5
8
3
14
10
15
13
8
11
10
5
4
8
5
8
6
13
12
3
12
5
8
13
3
14
15
8
13
7
3
15
5
2
11
9
9
7
10
2
Resource requirements for each micro-service type:
34,32
33,39
22,60
25,27
28,76
20,42
36,48
32,66
22,70
33,31
28,74
24,28
17,28
28,55
14,39
38,55
32,53
25,50
38,32
16,46
32,61
36,28
25,56
13,76
31,46
29,70
34,45
25,29
15,58
18,53
21,40
29,30
20,69
14,49
18,67
18,62
26,54
34,28
15,41
30,67
Total invoking flow matrix:
0,395,712,817,435,961,512,445,661,525,733,606,800,615,543,866,235,378,677,936,538,364,973,329,144,127,579,495,159,147,464,347,619,114,568,600,917,72,359,14
0,0,336,710,380,349,816,374,955,325,99,813,177,660,598,292,456,959,957,8,829,751,760,53,333,24,175,148,487,444,117,727,318,654,456,135,136,930,585,67
0,0,0,772,875,797,333,649,63,716,295,195,306,847,289,656,74,468,32,113,367,891,364,757,476,356,495,172,907,506,733,793,93,415,552,853,285,213,499,22
0,0,0,0,738,255,614,573,624,721,301,731,157,147,274,667,884,165,38,575,215,958,825,296,521,522,347,111,831,461,530,694,785,829,174,25,868,24,971,594
0,0,0,0,0,557,673,660,860,105,431,203,293,942,780,964,193,62,362,677,55,593,3,988,545,604,404,536,387,323,495,514,136,460,481,962,529,591,441,338
0,0,0,0,0,0,453,984,913,486,846,48,537,182,112,325,944,12,845,418,402,180,741,612,284,905,829,422,230,109,462,615,518,630,142,100,155,851,20,161
0,0,0,0,0,0,0,181,55,512,692,394,836,379,489,628,251,473,308,584,725,484,648,173,461,100,472,101,998,669,186,676,644,842,423,198,413,200,858,544
0,0,0,0,0,0,0,0,140,188,669,42,328,66,441,879,353,481,144,276,750,461,647,258,784,683,492,275,363,508,7,78,60,606,536,752,693,534,932,326
0,0,0,0,0,0,0,0,0,566,279,225,45,470,262,376,706,799,870,123,467,621,134,462,43,113,913,490,489,699,852,313,512,516,565,864,766,828,295,6
0,0,0,0,0,0,0,0,0,0,335,229,682,74,958,777,952,343,70,990,145,852,76,356,205,827,330,810,691,481,325,377,167,494,10,19,225,145,206,571
0,0,0,0,0,0,0,0,0,0,0,267,630,644,955,338,765,660,713,715,861,71,401,932,4,710,828,823,926,780,316,772,259,994,933,618,445,257,224,365
0,0,0,0,0,0,0,0,0,0,0,0,328,813,694,850,903,951,768,922,493,669,79,897,233,242,91,307,559,845,148,462,21,975,664,419,677,156,46,680
0,0,0,0,0,0,0,0,0,0,0,0,0,624,138,696,141,732,594,539,189,770,256,646,772,65,149,32,384,840,600,838,101,952,389,913,120,189,866,342
0,0,0,0,0,0,0,0,0,0,0,0,0,0,468,381,810,699,559,152,306,402,448,975,743,243,280,295,959,438,192,816,529,420,551,330,914,797,894,709
0,0,0,0,0,0,0,0,0,0,0,0,0,0,0,519,476,688,113,402,707,302,665,961,964,867,11,28,402,746,565,99,206,831,924,442,327,922,851,458
0,0,0,0,0,0,0,0,0,0,0,0,0,0,0,0,150,512,825,728,821,529,661,162,850,729,84,860,829,898,198,515,893,547,446,470,825,940,16,68
0,0,0,0,0,0,0,0,0,0,0,0,0,0,0,0,0,750,33,976,726,972,50,47,29,210,947,808,944,732,435,647,670,230,290,655,913,808,397,765
0,0,0,0,0,0,0,0,0,0,0,0,0,0,0,0,0,0,487,791,673,474,350,866,386,991,966,294,511,840,125,856,88,665,563,839,208,68,251,551
0,0,0,0,0,0,0,0,0,0,0,0,0,0,0,0,0,0,0,156,760,889,842,469,870,645,309,696,584,877,483,320,511,299,511,26,916,211,970,48
0,0,0,0,0,0,0,0,0,0,0,0,0,0,0,0,0,0,0,0,694,802,256,394,530,514,748,535,297,718,414,581,78,580,225,561,575,365,182,345
0,0,0,0,0,0,0,0,0,0,0,0,0,0,0,0,0,0,0,0,0,359,790,531,61,999,368,232,148,397,166,426,15,72,950,591,568,456,483,370
0,0,0,0,0,0,0,0,0,0,0,0,0,0,0,0,0,0,0,0,0,0,272,370,837,223,542,86,564,608,290,705,386,434,595,902,237,293,497,771
0,0,0,0,0,0,0,0,0,0,0,0,0,0,0,0,0,0,0,0,0,0,0,51,531,175,235,69,692,5,614,604,708,676,732,185,356,729,157,527
0,0,0,0,0,0,0,0,0,0,0,0,0,0,0,0,0,0,0,0,0,0,0,0,130,779,389,158,554,329,33,597,925,822,28,49,464,196,401,642
0,0,0,0,0,0,0,0,0,0,0,0,0,0,0,0,0,0,0,0,0,0,0,0,0,533,18,1000,361,712,485,8,700,226,593,832,305,854,213,190
0,0,0,0,0,0,0,0,0,0,0,0,0,0,0,0,0,0,0,0,0,0,0,0,0,0,299,868,313,937,173,5,52,166,702,658,991,284,823,1000
0,0,0,0,0,0,0,0,0,0,0,0,0,0,0,0,0,0,0,0,0,0,0,0,0,0,0,120,628,319,777,26,769,659,159,538,85,855,745,917
0,0,0,0,0,0,0,0,0,0,0,0,0,0,0,0,0,0,0,0,0,0,0,0,0,0,0,0,754,509,206,558,116,598,698,34,338,332,116,707
0,0,0,0,0,0,0,0,0,0,0,0,0,0,0,0,0,0,0,0,0,0,0,0,0,0,0,0,0,526,32,244,553,960,452,287,939,554,113,416
0,0,0,0,0,0,0,0,0,0,0,0,0,0,0,0,0,0,0,0,0,0,0,0,0,0,0,0,0,0,205,469,151,141,773,699,975,358,799,89
0,0,0,0,0,0,0,0,0,0,0,0,0,0,0,0,0,0,0,0,0,0,0,0,0,0,0,0,0,0,0,795,101,779,862,587,776,642,139,409
0,0,0,0,0,0,0,0,0,0,0,0,0,0,0,0,0,0,0,0,0,0,0,0,0,0,0,0,0,0,0,0,542,893,764,906,9,407,202,380
0,0,0,0,0,0,0,0,0,0,0,0,0,0,0,0,0,0,0,0,0,0,0,0,0,0,0,0,0,0,0,0,0,326,605,628,903,732,279,15
0,0,0,0,0,0,0,0,0,0,0,0,0,0,0,0,0,0,0,0,0,0,0,0,0,0,0,0,0,0,0,0,0,0,786,201,717,358,913,232
0,0,0,0,0,0,0,0,0,0,0,0,0,0,0,0,0,0,0,0,0,0,0,0,0,0,0,0,0,0,0,0,0,0,0,293,212,585,13,583
0,0,0,0,0,0,0,0,0,0,0,0,0,0,0,0,0,0,0,0,0,0,0,0,0,0,0,0,0,0,0,0,0,0,0,0,304,50,360,171
0,0,0,0,0,0,0,0,0,0,0,0,0,0,0,0,0,0,0,0,0,0,0,0,0,0,0,0,0,0,0,0,0,0,0,0,0,607,583,881
0,0,0,0,0,0,0,0,0,0,0,0,0,0,0,0,0,0,0,0,0,0,0,0,0,0,0,0,0,0,0,0,0,0,0,0,0,0,502,595
0,0,0,0,0,0,0,0,0,0,0,0,0,0,0,0,0,0,0,0,0,0,0,0,0,0,0,0,0,0,0,0,0,0,0,0,0,0,0,175
0,0,0,0,0,0,0,0,0,0,0,0,0,0,0,0,0,0,0,0,0,0,0,0,0,0,0,0,0,0,0,0,0,0,0,0,0,0,0,0
