Number of physical machine types:
3
Resources for each physical machine type:
128,256
64,256
128,128
Available number for each physical machine type:
77
77
77
Activation cost for each physical machine type:
200
150
150
Number of micro-service types:
40
Required number for each micro-service type:
10
6
5
6
15
11
12
2
8
1
6
14
12
2
4
15
4
7
9
13
14
6
12
3
10
10
14
14
5
11
13
11
13
8
15
15
12
3
13
13
Resource requirements for each micro-service type:
16,40
36,70
24,51
15,56
18,58
28,48
20,63
18,46
38,68
30,62
25,43
18,36
17,52
33,37
36,38
21,53
38,52
30,67
19,58
34,48
30,66
28,45
31,41
13,61
15,31
15,65
26,57
34,73
19,60
29,66
38,66
31,63
28,67
22,57
38,42
35,26
19,33
27,66
32,26
14,44
Total invoking flow matrix:
0,575,707,678,924,252,998,36,411,214,637,963,238,419,315,448,595,484,432,962,726,643,773,866,216,405,743,688,511,399,184,802,761,196,99,56,10,101,26,701
0,0,64,959,924,781,630,625,898,267,310,349,536,103,984,643,446,585,267,675,139,672,447,955,703,233,530,191,529,879,339,694,370,275,690,261,171,41,329,442
0,0,0,84,356,90,40,372,688,447,93,125,391,904,812,593,789,968,627,657,272,747,137,458,86,653,437,989,716,342,437,866,896,95,949,434,289,144,71,736
0,0,0,0,565,887,462,302,988,232,684,311,526,678,91,624,686,353,369,813,456,609,573,221,772,529,575,541,317,379,768,782,457,520,704,879,292,716,942,238
0,0,0,0,0,570,84,402,363,961,63,157,798,416,709,734,857,782,512,108,254,772,116,811,985,192,251,765,49,247,434,528,271,958,343,189,574,805,32,933
0,0,0,0,0,0,543,427,737,214,91,481,156,838,356,28,637,806,687,971,487,925,715,76,153,376,682,282,853,540,600,186,519,12,714,467,44,152,734,721
0,0,0,0,0,0,0,320,968,440,495,449,400,727,658,328,499,754,476,929,643,613,148,940,505,113,0,337,881,643,560,333,687,740,741,351,502,163,86,759
0,0,0,0,0,0,0,0,21,562,997,339,178,221,849,809,808,875,693,635,88,668,597,204,503,772,565,110,942,815,743,576,650,187,171,856,1,1000,967,974
0,0,0,0,0,0,0,0,0,863,40,937,718,547,197,239,888,388,960,295,132,865,394,88,423,590,969,405,750,193,336,914,589,28,76,580,414,167,638,169
0,0,0,0,0,0,0,0,0,0,566,65,997,210,655,988,708,229,254,14,983,708,9,552,235,334,565,370,668,223,21,475,554,875,769,444,769,857,679,514
0,0,0,0,0,0,0,0,0,0,0,935,306,226,775,246,816,600,675,213,231,761,428,840,895,975,320,808,909,487,242,710,891,299,209,923,574,338,378,342
0,0,0,0,0,0,0,0,0,0,0,0,747,102,118,962,559,438,202,634,905,309,665,658,956,20,778,192,640,62,266,987,299,305,939,820,956,169,678,116
0,0,0,0,0,0,0,0,0,0,0,0,0,958,816,100,441,630,789,659,952,468,730,266,862,390,269,625,989,875,302,277,902,999,992,73,607,610,455,654
0,0,0,0,0,0,0,0,0,0,0,0,0,0,439,451,969,964,115,909,139,207,26,313,364,505,71,696,162,64,543,232,887,230,388,823,363,617,801,224
0,0,0,0,0,0,0,0,0,0,0,0,0,0,0,590,130,419,79,944,201,406,294,565,450,405,520,892,118,615,460,811,856,612,520,833,340,989,327,764
0,0,0,0,0,0,0,0,0,0,0,0,0,0,0,0,820,432,489,731,711,317,295,638,538,823,980,899,120,99,202,928,297,622,49,12,448,282,168,405
0,0,0,0,0,0,0,0,0,0,0,0,0,0,0,0,0,469,157,228,558,76,191,94,442,831,724,646,67,772,847,571,460,520,895,764,493,877,814,246
0,0,0,0,0,0,0,0,0,0,0,0,0,0,0,0,0,0,655,109,335,750,153,225,952,232,877,162,115,643,455,292,873,154,91,996,635,754,820,991
0,0,0,0,0,0,0,0,0,0,0,0,0,0,0,0,0,0,0,823,944,416,419,568,628,971,187,444,474,370,394,871,131,666,602,202,217,269,682,457
0,0,0,0,0,0,0,0,0,0,0,0,0,0,0,0,0,0,0,0,904,684,710,22,104,597,286,739,929,601,543,521,885,163,440,530,565,829,389,167
0,0,0,0,0,0,0,0,0,0,0,0,0,0,0,0,0,0,0,0,0,779,231,731,382,642,756,555,525,161,462,873,759,655,504,222,846,927,318,397
0,0,0,0,0,0,0,0,0,0,0,0,0,0,0,0,0,0,0,0,0,0,669,5,242,769,515,246,594,249,900,758,593,962,446,442,482,716,19,968
0,0,0,0,0,0,0,0,0,0,0,0,0,0,0,0,0,0,0,0,0,0,0,386,454,66,624,330,177,212,809,305,910,604,843,508,20,937,563,989
0,0,0,0,0,0,0,0,0,0,0,0,0,0,0,0,0,0,0,0,0,0,0,0,771,541,23,297,603,119,734,918,984,363,489,836,317,792,744,977
0,0,0,0,0,0,0,0,0,0,0,0,0,0,0,0,0,0,0,0,0,0,0,0,0,977,170,193,926,357,771,514,98,177,143,628,267,3,466,603
0,0,0,0,0,0,0,0,0,0,0,0,0,0,0,0,0,0,0,0,0,0,0,0,0,0,769,690,32,299,295,177,561,801,55,368,360,139,326,655
0,0,0,0,0,0,0,0,0,0,0,0,0,0,0,0,0,0,0,0,0,0,0,0,0,0,0,643,367,928,265,678,189,716,561,349,821,1,70,839
0,0,0,0,0,0,0,0,0,0,0,0,0,0,0,0,0,0,0,0,0,0,0,0,0,0,0,0,897,191,912,801,587,706,126,118,229,750,229,17
0,0,0,0,0,0,0,0,0,0,0,0,0,0,0,0,0,0,0,0,0,0,0,0,0,0,0,0,0,481,433,90,126,839,553,425,675,309,130,488
0,0,0,0,0,0,0,0,0,0,0,0,0,0,0,0,0,0,0,0,0,0,0,0,0,0,0,0,0,0,183,100,62,970,49,674,487,997,522,854
0,0,0,0,0,0,0,0,0,0,0,0,0,0,0,0,0,0,0,0,0,0,0,0,0,0,0,0,0,0,0,913,703,513,387,1,198,330,127,948
0,0,0,0,0,0,0,0,0,0,0,0,0,0,0,0,0,0,0,0,0,0,0,0,0,0,0,0,0,0,0,0,614,324,490,263,467,751,897,175
0,0,0,0,0,0,0,0,0,0,0,0,0,0,0,0,0,0,0,0,0,0,0,0,0,0,0,0,0,0,0,0,0,425,486,359,203,778,598,210
0,0,0,0,0,0,0,0,0,0,0,0,0,0,0,0,0,0,0,0,0,0,0,0,0,0,0,0,0,0,0,0,0,0,881,477,131,285,596,216
0,0,0,0,0,0,0,0,0,0,0,0,0,0,0,0,0,0,0,0,0,0,0,0,0,0,0,0,0,0,0,0,0,0,0,20,819,319,999,404
0,0,0,0,0,0,0,0,0,0,0,0,0,0,0,0,0,0,0,0,0,0,0,0,0,0,0,0,0,0,0,0,0,0,0,0,642,931,633,250
0,0,0,0,0,0,0,0,0,0,0,0,0,0,0,0,0,0,0,0,0,0,0,0,0,0,0,0,0,0,0,0,0,0,0,0,0,447,18,14
0,0,0,0,0,0,0,0,0,0,0,0,0,0,0,0,0,0,0,0,0,0,0,0,0,0,0,0,0,0,0,0,0,0,0,0,0,0,695,350
0,0,0,0,0,0,0,0,0,0,0,0,0,0,0,0,0,0,0,0,0,0,0,0,0,0,0,0,0,0,0,0,0,0,0,0,0,0,0,346
0,0,0,0,0,0,0,0,0,0,0,0,0,0,0,0,0,0,0,0,0,0,0,0,0,0,0,0,0,0,0,0,0,0,0,0,0,0,0,0
