Number of physical machine types:
3
Resources for each physical machine type:
128,256
64,256
128,128
Available number for each physical machine type:
64
64
64
Activation cost for each physical machine type:
200
150
150
Number of micro-service types:
40
Required number for each micro-service type:
10
12
15
2
9
2
3
4
13
9
5
2
9
11
5
11
5
15
10
11
6
5
7
1
1
13
4
12
8
7
7
14
9
7
4
8
12
13
9
4
Resource requirements for each micro-service type:
34,26
18,64
31,75
16,66
33,54
15,26
23,36
14,68
34,68
26,53
36,52
19,26
22,34
18,62
32,59
20,72
30,68
18,49
19,34
16,34
21,74
15,48
31,44
24,65
34,57
24,33
36,53
30,54
26,29
21,64
35,34
15,42
28,42
38,39
30,39
22,28
35,47
29,55
29,62
20,48
Total invoking flow matrix:
0,230,446,87,464,866,178,545,477,463,549,819,137,695,422,159,425,552,34,834,773,249,805,97,931,417,351,376,342,709,380,388,303,520,789,954,944,653,655,764
0,0,736,807,37,96,433,353,953,889,165,778,793,659,317,630,103,702,818,669,6,299,796,608,88,291,283,130,484,912,903,176,595,137,358,160,215,687,553,245
0,0,0,451,108,457,674,258,588,527,526,104,533,88,567,730,440,295,192,584,607,69,43,643,215,830,103,972,781,238,28,420,911,619,387,962,617,106,560,439
0,0,0,0,525,913,906,718,439,145,167,645,361,113,815,144,294,830,693,853,515,878,307,470,666,247,894,54,278,269,913,826,917,563,896,402,792,111,583,379
0,0,0,0,0,855,296,445,373,544,771,951,756,855,595,966,969,356,110,179,506,570,807,395,507,876,892,308,441,437,651,819,532,845,806,244,429,871,271,717
0,0,0,0,0,0,545,457,307,711,959,395,974,846,237,951,14,975,471,457,697,825,675,790,685,239,79,383,842,707,45,178,972,576,821,883,701,906,162,334
0,0,0,0,0,0,0,595,835,354,214,235,647,633,667,988,350,217,338,517,136,421,195,694,619,703,732,257,492,827,250,759,880,13,205,395,706,212,216,375
0,0,0,0,0,0,0,0,460,32,407,790,702,566,569,822,948,619,139,971,512,669,343,676,890,296,574,274,526,732,143,507,449,215,942,729,803,67,690,996
0,0,0,0,0,0,0,0,0,838,582,821,637,511,22,8,40,141,467,535,312,183,262,893,787,77,106,699,6,870,396,460,138,294,118,94,158,223,150,33
0,0,0,0,0,0,0,0,0,0,364,704,351,292,570,407,231,770,120,858,719,646,80,342,602,238,513,464,40,846,663,618,956,957,174,256,803,182,382,967
0,0,0,0,0,0,0,0,0,0,0,898,800,305,463,832,314,160,996,567,952,930,44,982,228,853,92,726,71,459,20,504,246,916,345,114,191,587,390,904
0,0,0,0,0,0,0,0,0,0,0,0,124,939,94,356,289,55,817,947,587,217,179,751,704,598,929,582,425,69,144,784,260,530,833,320,180,544,799,328
0,0,0,0,0,0,0,0,0,0,0,0,0,479,629,965,825,211,406,573,698,33,12,629,106,597,876,295,498,597,459,502,278,589,106,471,592,776,228,837
0,0,0,0,0,0,0,0,0,0,0,0,0,0,379,209,66,581,183,826,993,345,405,33,2,398,978,655,185,695,361,627,9,474,694,816,790,671,67,932
0,0,0,0,0,0,0,0,0,0,0,0,0,0,0,174,777,821,114,835,540,413,23,473,840,557,125,389,457,188,100,960,65,151,885,437,810,525,822,502
0,0,0,0,0,0,0,0,0,0,0,0,0,0,0,0,881,389,177,56,867,548,243,397,898,326,85,237,38,635,295,891,846,878,618,763,801,441,77,80
0,0,0,0,0,0,0,0,0,0,0,0,0,0,0,0,0,547,627,921,441,473,748,85,279,58,158,349,97,294,759,880,284,276,488,618,57,821,546,518
0,0,0,0,0,0,0,0,0,0,0,0,0,0,0,0,0,0,1000,929,352,299,297,592,650,147,292,902,533,353,878,447,882,482,32,200,131,655,445,208
0,0,0,0,0,0,0,0,0,0,0,0,0,0,0,0,0,0,0,302,695,355,543,810,824,953,503,646,818,439,76,812,832,361,84,830,716,266,395,14
0,0,0,0,0,0,0,0,0,0,0,0,0,0,0,0,0,0,0,0,989,96,280,869,733,235,470,279,200,672,153,715,891,354,686,18,911,151,38,506
0,0,0,0,0,0,0,0,0,0,0,0,0,0,0,0,0,0,0,0,0,871,849,387,355,866,869,956,127,401,374,416,807,78,665,754,180,348,445,764
0,0,0,0,0,0,0,0,0,0,0,0,0,0,0,0,0,0,0,0,0,0,757,808,143,411,999,523,505,347,802,92,86,883,55,197,511,64,30,551
0,0,0,0,0,0,0,0,0,0,0,0,0,0,0,0,0,0,0,0,0,0,0,28,646,349,436,53,73,932,502,731,119,948,882,372,359,363,696,348
0,0,0,0,0,0,0,0,0,0,0,0,0,0,0,0,0,0,0,0,0,0,0,0,54,935,913,683,437,826,332,739,587,502,618,594,535,558,401,256
0,0,0,0,0,0,0,0,0,0,0,0,0,0,0,0,0,0,0,0,0,0,0,0,0,31,514,784,593,331,455,296,647,476,917,698,62,127,229,633
0,0,0,0,0,0,0,0,0,0,0,0,0,0,0,0,0,0,0,0,0,0,0,0,0,0,209,529,784,609,951,544,278,53,385,495,59,972,178,270
0,0,0,0,0,0,0,0,0,0,0,0,0,0,0,0,0,0,0,0,0,0,0,0,0,0,0,170,717,975,534,15,289,804,326,191,153,505,140,805
0,0,0,0,0,0,0,0,0,0,0,0,0,0,0,0,0,0,0,0,0,0,0,0,0,0,0,0,434,894,532,25,373,902,257,910,196,927,231,227
0,0,0,0,0,0,0,0,0,0,0,0,0,0,0,0,0,0,0,0,0,0,0,0,0,0,0,0,0,393,967,831,198,994,434,669,273,290,452,724
0,0,0,0,0,0,0,0,0,0,0,0,0,0,0,0,0,0,0,0,0,0,0,0,0,0,0,0,0,0,579,688,100,20,462,503,161,523,357,777
0,0,0,0,0,0,0,0,0,0,0,0,0,0,0,0,0,0,0,0,0,0,0,0,0,0,0,0,0,0,0,881,753,205,281,424,628,745,330,103
0,0,0,0,0,0,0,0,0,0,0,0,0,0,0,0,0,0,0,0,0,0,0,0,0,0,0,0,0,0,0,0,49,9,498,582,269,37,395,287
0,0,0,0,0,0,0,0,0,0,0,0,0,0,0,0,0,0,0,0,0,0,0,0,0,0,0,0,0,0,0,0,0,569,446,30,194,218,548,517
0,0,0,0,0,0,0,0,0,0,0,0,0,0,0,0,0,0,0,0,0,0,0,0,0,0,0,0,0,0,0,0,0,0,591,49,768,135,623,642
0,0,0,0,0,0,0,0,0,0,0,0,0,0,0,0,0,0,0,0,0,0,0,0,0,0,0,0,0,0,0,0,0,0,0,899,987,454,374,486
0,0,0,0,0,0,0,0,0,0,0,0,0,0,0,0,0,0,0,0,0,0,0,0,0,0,0,0,0,0,0,0,0,0,0,0,325,305,723,789
0,0,0,0,0,0,0,0,0,0,0,0,0,0,0,0,0,0,0,0,0,0,0,0,0,0,0,0,0,0,0,0,0,0,0,0,0,957,819,69
0,0,0,0,0,0,0,0,0,0,0,0,0,0,0,0,0,0,0,0,0,0,0,0,0,0,0,0,0,0,0,0,0,0,0,0,0,0,71,303
0,0,0,0,0,0,0,0,0,0,0,0,0,0,0,0,0,0,0,0,0,0,0,0,0,0,0,0,0,0,0,0,0,0,0,0,0,0,0,683
0,0,0,0,0,0,0,0,0,0,0,0,0,0,0,0,0,0,0,0,0,0,0,0,0,0,0,0,0,0,0,0,0,0,0,0,0,0,0,0
