Number of physical machine types:
3
Resources for each physical machine type:
128,256
64,256
128,128
Available number for each physical machine type:
60
60
60
Activation cost for each physical machine type:
200
150
150
Number of micro-service types:
40
Required number for each micro-service type:
12
4
8
10
13
5
3
5
10
8
6
13
7
7
6
7
13
5
12
9
3
4
6
5
7
10
11
12
2
11
13
13
3
2
5
6
2
6
1
7
Resource requirements for each micro-service type:
28,67
24,71
24,72
13,61
27,55
22,74
14,44
20,41
34,45
19,63
29,60
24,69
16,75
23,56
29,46
20,64
26,42
25,52
15,58
27,48
14,49
29,26
26,76
14,50
30,72
31,68
27,26
25,66
13,31
32,56
28,54
32,43
32,51
24,36
20,51
24,51
26,71
28,72
15,72
23,37
Total invoking flow matrix:
0,653,392,510,353,246,748,809,73,280,781,240,239,277,559,77,180,191,475,816,495,819,169,289,906,506,921,744,213,782,207,102,506,986,504,129,588,379,56,805
0,0,712,706,2,225,162,888,929,600,249,296,502,481,825,102,533,349,139,627,266,453,659,838,208,746,696,765,150,581,689,427,618,570,277,928,558,195,56,969
0,0,0,245,21,402,901,392,107,308,875,338,118,972,192,56,306,183,50,509,644,22,156,79,574,799,71,710,805,550,366,619,815,815,732,12,182,428,840,902
0,0,0,0,811,689,119,486,12,53,403,410,58,328,681,793,449,167,592,121,92,728,905,713,755,848,868,648,360,332,845,708,743,476,152,602,357,836,48,741
0,0,0,0,0,321,568,764,779,299,87,989,751,533,556,417,686,567,254,404,714,713,846,141,983,609,50,226,858,442,438,356,261,379,771,165,914,663,65,902
0,0,0,0,0,0,633,296,523,360,920,82,19,592,720,203,579,168,228,981,932,481,651,395,379,250,931,80,209,285,277,119,400,27,856,640,12,898,316,319
0,0,0,0,0,0,0,358,184,489,379,125,416,347,922,561,810,189,157,267,733,215,30,622,239,305,521,75,743,973,439,937,345,352,937,868,508,13,260,445
0,0,0,0,0,0,0,0,210,816,740,964,611,973,735,887,68,372,3,436,758,37,934,310,631,577,16,490,972,726,762,992,539,880,860,892,903,407,806,846
0,0,0,0,0,0,0,0,0,291,991,916,605,495,731,346,250,73,174,996,670,896,949,461,384,645,674,485,325,278,368,707,169,858,554,832,413,452,140,318
0,0,0,0,0,0,0,0,0,0,695,777,45,811,989,549,322,768,701,771,856,730,418,429,354,631,57,126,264,504,186,531,569,77,140,368,891,843,292,849
0,0,0,0,0,0,0,0,0,0,0,962,300,208,623,402,245,466,762,830,838,213,950,987,822,671,867,917,957,124,872,901,941,649,997,829,20,274,722,759
0,0,0,0,0,0,0,0,0,0,0,0,867,296,269,617,142,542,996,346,474,916,735,583,467,722,30,706,207,93,764,710,443,711,944,516,966,803,103,937
0,0,0,0,0,0,0,0,0,0,0,0,0,430,178,440,243,833,877,172,401,109,203,445,87,247,143,638,910,589,712,683,442,624,817,70,225,284,892,545
0,0,0,0,0,0,0,0,0,0,0,0,0,0,790,840,338,546,314,142,407,505,353,25,809,933,368,545,731,790,620,810,557,267,917,602,172,25,695,33
0,0,0,0,0,0,0,0,0,0,0,0,0,0,0,993,917,578,855,232,598,587,244,982,337,28,12,6,978,365,122,819,279,831,833,268,63,917,416,257
0,0,0,0,0,0,0,0,0,0,0,0,0,0,0,0,689,161,723,742,266,927,780,186,967,903,331,926,106,844,473,556,659,384,93,981,856,829,877,351
0,0,0,0,0,0,0,0,0,0,0,0,0,0,0,0,0,969,987,379,996,298,589,149,313,621,212,355,690,722,871,323,991,789,470,349,376,215,394,664
0,0,0,0,0,0,0,0,0,0,0,0,0,0,0,0,0,0,69,474,633,305,198,337,331,982,942,298,882,38,993,217,863,874,769,504,0,987,649,272
0,0,0,0,0,0,0,0,0,0,0,0,0,0,0,0,0,0,0,884,137,499,305,830,512,316,363,39,304,95,998,32,598,173,624,646,124,339,291,346
0,0,0,0,0,0,0,0,0,0,0,0,0,0,0,0,0,0,0,0,284,964,945,951,601,716,895,27,667,551,678,61,746,656,30,468,506,154,586,505
0,0,0,0,0,0,0,0,0,0,0,0,0,0,0,0,0,0,0,0,0,92,963,481,364,302,66,532,814,37,835,389,405,458,697,846,252,816,133,620
0,0,0,0,0,0,0,0,0,0,0,0,0,0,0,0,0,0,0,0,0,0,967,327,867,17,296,129,294,328,769,303,887,750,836,665,135,257,765,356
0,0,0,0,0,0,0,0,0,0,0,0,0,0,0,0,0,0,0,0,0,0,0,616,599,357,426,39,457,423,360,279,24,503,885,620,142,91,729,221
0,0,0,0,0,0,0,0,0,0,0,0,0,0,0,0,0,0,0,0,0,0,0,0,505,625,792,886,235,589,27,149,257,288,218,110,421,174,67,51
0,0,0,0,0,0,0,0,0,0,0,0,0,0,0,0,0,0,0,0,0,0,0,0,0,545,734,449,442,815,696,534,296,473,688,797,21,345,994,113
0,0,0,0,0,0,0,0,0,0,0,0,0,0,0,0,0,0,0,0,0,0,0,0,0,0,439,551,785,961,551,794,797,651,359,920,713,513,356,194
0,0,0,0,0,0,0,0,0,0,0,0,0,0,0,0,0,0,0,0,0,0,0,0,0,0,0,752,513,876,949,26,104,493,989,381,764,933,283,661
0,0,0,0,0,0,0,0,0,0,0,0,0,0,0,0,0,0,0,0,0,0,0,0,0,0,0,0,575,305,942,728,346,35,632,330,821,724,765,781
0,0,0,0,0,0,0,0,0,0,0,0,0,0,0,0,0,0,0,0,0,0,0,0,0,0,0,0,0,307,490,614,910,693,125,478,564,590,29,151
0,0,0,0,0,0,0,0,0,0,0,0,0,0,0,0,0,0,0,0,0,0,0,0,0,0,0,0,0,0,741,411,374,207,745,673,116,13,760,653
0,0,0,0,0,0,0,0,0,0,0,0,0,0,0,0,0,0,0,0,0,0,0,0,0,0,0,0,0,0,0,746,478,651,906,919,953,668,942,226
0,0,0,0,0,0,0,0,0,0,0,0,0,0,0,0,0,0,0,0,0,0,0,0,0,0,0,0,0,0,0,0,48,614,359,231,960,496,332,123
0,0,0,0,0,0,0,0,0,0,0,0,0,0,0,0,0,0,0,0,0,0,0,0,0,0,0,0,0,0,0,0,0,332,376,180,223,764,35,319
0,0,0,0,0,0,0,0,0,0,0,0,0,0,0,0,0,0,0,0,0,0,0,0,0,0,0,0,0,0,0,0,0,0,793,822,730,991,570,1
0,0,0,0,0,0,0,0,0,0,0,0,0,0,0,0,0,0,0,0,0,0,0,0,0,0,0,0,0,0,0,0,0,0,0,204,177,72,40,398
0,0,0,0,0,0,0,0,0,0,0,0,0,0,0,0,0,0,0,0,0,0,0,0,0,0,0,0,0,0,0,0,0,0,0,0,860,535,970,754
0,0,0,0,0,0,0,0,0,0,0,0,0,0,0,0,0,0,0,0,0,0,0,0,0,0,0,0,0,0,0,0,0,0,0,0,0,514,13,396
0,0,0,0,0,0,0,0,0,0,0,0,0,0,0,0,0,0,0,0,0,0,0,0,0,0,0,0,0,0,0,0,0,0,0,0,0,0,897,895
0,0,0,0,0,0,0,0,0,0,0,0,0,0,0,0,0,0,0,0,0,0,0,0,0,0,0,0,0,0,0,0,0,0,0,0,0,0,0,22
0,0,0,0,0,0,0,0,0,0,0,0,0,0,0,0,0,0,0,0,0,0,0,0,0,0,0,0,0,0,0,0,0,0,0,0,0,0,0,0
