Number of physical machine types:
3
Resources for each physical machine type:
128,256
64,256
128,128
Available number for each physical machine type:
70
70
70
Activation cost for each physical machine type:
200
150
150
Number of micro-service types:
40
Required number for each micro-service type:
7
2
2
8
11
3
11
5
11
11
3
7
10
8
7
7
14
7
14
3
13
5
14
7
13
9
11
8
2
10
6
15
13
2
13
13
11
2
13
12
Resource requirements for each micro-service type:
29,52
26,30
21,66
21,35
32,69
21,51
13,70
25,60
35,65
37,64
30,49
29,54
27,74
32,65
25,64
19,72
26,59
21,67
17,31
17,50
27,52
15,64
28,62
28,75
22,41
17,47
27,30
19,68
28,41
18,26
14,76
29,56
14,71
37,70
36,49
20,69
29,53
38,32
16,53
28,60
Total invoking flow matrix:
0,616,435,155,170,427,585,561,946,27,653,652,10,885,263,236,631,531,337,423,758,733,292,50,605,479,80,173,205,34,664,704,676,737,647,222,516,677,169,435
0,0,273,15,833,285,335,628,702,826,587,68,812,988,778,542,742,244,643,994,859,999,73,577,830,481,110,813,73,149,87,789,679,854,921,239,955,776,58,86
0,0,0,918,868,438,152,830,953,173,104,565,950,283,880,135,357,8,851,900,930,997,783,868,601,77,152,728,515,299,548,633,459,786,766,324,969,528,968,553
0,0,0,0,234,687,816,185,134,867,863,227,805,548,551,173,267,37,861,548,475,622,311,60,292,748,212,47,387,135,591,634,510,614,367,4,925,278,623,604
0,0,0,0,0,833,924,881,76,44,958,683,610,338,15,664,247,831,669,323,168,371,867,918,144,648,606,101,863,494,787,970,466,829,609,749,264,821,48,883
0,0,0,0,0,0,692,685,503,789,236,389,912,795,167,750,526,549,772,177,721,421,211,96,256,758,272,372,225,469,909,594,951,499,710,858,681,543,872,753
0,0,0,0,0,0,0,365,444,412,893,501,289,338,111,783,618,354,776,619,748,54,723,87,177,736,18,927,988,694,991,246,157,406,172,676,920,258,522,171
0,0,0,0,0,0,0,0,772,501,728,715,240,409,492,315,494,592,913,145,436,650,589,928,550,326,624,187,979,760,715,569,691,758,955,558,208,48,73,881
0,0,0,0,0,0,0,0,0,298,531,618,896,190,531,315,172,601,985,379,959,736,34,123,163,336,76,373,921,246,579,84,617,114,383,571,48,513,39,760
0,0,0,0,0,0,0,0,0,0,45,949,664,21,907,222,659,780,648,289,232,831,691,771,869,881,78,428,214,746,633,455,622,351,642,315,693,99,821,271
0,0,0,0,0,0,0,0,0,0,0,83,531,96,114,20,929,367,671,246,217,880,504,616,694,503,628,180,444,199,321,924,984,638,613,999,187,38,651,736
0,0,0,0,0,0,0,0,0,0,0,0,213,275,355,514,772,420,924,935,974,331,345,197,625,748,355,680,567,909,767,164,443,664,100,986,818,591,147,162
0,0,0,0,0,0,0,0,0,0,0,0,0,244,612,149,529,763,571,277,844,513,31,798,75,642,642,670,468,279,229,550,258,11,998,450,160,33,364,731
0,0,0,0,0,0,0,0,0,0,0,0,0,0,497,341,432,204,863,299,842,73,908,678,508,259,112,512,503,720,760,979,593,617,212,409,809,784,176,730
0,0,0,0,0,0,0,0,0,0,0,0,0,0,0,382,29,753,399,667,329,53,139,512,498,19,617,539,589,540,23,477,907,417,601,678,869,848,306,498
0,0,0,0,0,0,0,0,0,0,0,0,0,0,0,0,732,523,26,452,201,854,870,76,631,992,312,16,518,548,912,628,625,135,936,293,40,208,701,666
0,0,0,0,0,0,0,0,0,0,0,0,0,0,0,0,0,576,892,110,214,945,291,241,625,305,51,752,334,372,947,856,725,854,362,470,38,874,113,542
0,0,0,0,0,0,0,0,0,0,0,0,0,0,0,0,0,0,744,283,238,69,182,193,246,90,680,139,557,369,994,362,180,303,702,454,11,13,360,944
0,0,0,0,0,0,0,0,0,0,0,0,0,0,0,0,0,0,0,655,960,575,885,825,224,640,283,758,746,417,247,615,602,583,699,408,664,905,187,949
0,0,0,0,0,0,0,0,0,0,0,0,0,0,0,0,0,0,0,0,446,55,76,283,705,397,575,966,667,546,361,15,520,258,159,873,980,898,632,698
0,0,0,0,0,0,0,0,0,0,0,0,0,0,0,0,0,0,0,0,0,871,163,328,885,25,449,368,70,898,974,236,509,574,327,445,880,751,838,241
0,0,0,0,0,0,0,0,0,0,0,0,0,0,0,0,0,0,0,0,0,0,721,661,568,690,870,302,123,402,691,748,181,605,308,25,498,564,731,32
0,0,0,0,0,0,0,0,0,0,0,0,0,0,0,0,0,0,0,0,0,0,0,831,935,110,974,84,620,521,842,360,775,327,22,195,324,482,981,608
0,0,0,0,0,0,0,0,0,0,0,0,0,0,0,0,0,0,0,0,0,0,0,0,215,138,431,912,528,743,719,648,183,782,908,33,69,978,516,27
0,0,0,0,0,0,0,0,0,0,0,0,0,0,0,0,0,0,0,0,0,0,0,0,0,181,324,289,730,142,756,636,532,931,413,892,172,506,206,765
0,0,0,0,0,0,0,0,0,0,0,0,0,0,0,0,0,0,0,0,0,0,0,0,0,0,599,347,728,409,730,755,131,564,80,307,88,214,709,231
0,0,0,0,0,0,0,0,0,0,0,0,0,0,0,0,0,0,0,0,0,0,0,0,0,0,0,236,459,610,826,147,151,499,672,136,107,734,776,536
0,0,0,0,0,0,0,0,0,0,0,0,0,0,0,0,0,0,0,0,0,0,0,0,0,0,0,0,107,407,172,822,711,723,268,730,30,587,924,959
0,0,0,0,0,0,0,0,0,0,0,0,0,0,0,0,0,0,0,0,0,0,0,0,0,0,0,0,0,197,701,672,143,134,476,578,853,727,758,875
0,0,0,0,0,0,0,0,0,0,0,0,0,0,0,0,0,0,0,0,0,0,0,0,0,0,0,0,0,0,637,851,758,155,22,898,184,293,618,740
0,0,0,0,0,0,0,0,0,0,0,0,0,0,0,0,0,0,0,0,0,0,0,0,0,0,0,0,0,0,0,701,139,880,152,510,876,480,866,814
0,0,0,0,0,0,0,0,0,0,0,0,0,0,0,0,0,0,0,0,0,0,0,0,0,0,0,0,0,0,0,0,552,616,145,54,948,733,834,616
0,0,0,0,0,0,0,0,0,0,0,0,0,0,0,0,0,0,0,0,0,0,0,0,0,0,0,0,0,0,0,0,0,731,6,945,529,968,576,0
0,0,0,0,0,0,0,0,0,0,0,0,0,0,0,0,0,0,0,0,0,0,0,0,0,0,0,0,0,0,0,0,0,0,53,361,657,897,273,529
0,0,0,0,0,0,0,0,0,0,0,0,0,0,0,0,0,0,0,0,0,0,0,0,0,0,0,0,0,0,0,0,0,0,0,606,3,46,583,976
0,0,0,0,0,0,0,0,0,0,0,0,0,0,0,0,0,0,0,0,0,0,0,0,0,0,0,0,0,0,0,0,0,0,0,0,698,783,229,780
0,0,0,0,0,0,0,0,0,0,0,0,0,0,0,0,0,0,0,0,0,0,0,0,0,0,0,0,0,0,0,0,0,0,0,0,0,38,19,107
0,0,0,0,0,0,0,0,0,0,0,0,0,0,0,0,0,0,0,0,0,0,0,0,0,0,0,0,0,0,0,0,0,0,0,0,0,0,191,550
0,0,0,0,0,0,0,0,0,0,0,0,0,0,0,0,0,0,0,0,0,0,0,0,0,0,0,0,0,0,0,0,0,0,0,0,0,0,0,804
0,0,0,0,0,0,0,0,0,0,0,0,0,0,0,0,0,0,0,0,0,0,0,0,0,0,0,0,0,0,0,0,0,0,0,0,0,0,0,0
