Number of physical machine types:
3
Resources for each physical machine type:
128,256
64,256
128,128
Available number for each physical machine type:
70
70
70
Activation cost for each physical machine type:
200
150
150
Number of micro-service types:
40
Required number for each micro-service type:
6
13
5
15
14
14
4
8
8
10
5
12
2
9
3
5
3
8
13
7
8
13
5
7
11
6
13
7
5
10
12
8
11
14
14
7
8
7
5
9
Resource requirements for each micro-service type:
34,58
30,58
19,53
18,35
13,55
29,33
13,65
24,61
31,71
14,30
17,62
14,39
29,62
28,51
35,34
21,68
13,71
27,64
30,61
22,43
38,51
23,41
15,34
17,61
33,46
38,52
33,69
30,67
29,35
34,70
24,30
20,59
31,44
35,64
24,77
31,41
23,46
34,71
26,44
18,44
Total invoking flow matrix:
0,245,542,43,517,749,258,394,107,854,269,623,293,740,944,490,453,469,639,799,884,407,723,766,450,52,147,592,40,306,58,41,337,311,117,162,97,630,822,391
0,0,503,133,108,236,154,275,909,214,313,839,132,963,479,421,120,801,320,313,314,54,925,961,247,520,912,549,463,143,756,485,635,3,458,735,137,971,363,181
0,0,0,563,695,657,230,915,610,753,370,392,483,319,971,671,536,402,793,879,885,524,897,662,822,532,212,816,18,11,783,924,889,68,604,134,646,574,192,116
0,0,0,0,405,756,502,598,573,714,509,971,199,77,277,697,278,13,659,824,781,642,495,861,935,602,713,208,900,246,322,694,775,245,849,434,467,251,763,177
0,0,0,0,0,270,397,766,767,944,866,74,394,277,348,479,642,13,36,692,660,558,891,209,69,854,765,287,517,990,709,789,214,163,399,372,89,31,156,151
0,0,0,0,0,0,941,483,665,725,169,59,64,277,201,72,667,89,718,353,720,589,394,9,526,444,851,229,859,130,668,385,486,165,58,148,884,477,807,926
0,0,0,0,0,0,0,432,516,621,835,313,416,913,205,35,348,279,313,585,734,579,227,452,735,217,571,53,360,132,426,328,795,130,328,829,321,391,239,467
0,0,0,0,0,0,0,0,248,428,447,16,325,660,974,188,285,540,352,330,331,561,610,429,773,738,375,98,308,268,431,716,922,213,808,381,566,246,201,446
0,0,0,0,0,0,0,0,0,444,731,125,889,862,70,484,913,168,718,783,269,742,125,676,134,964,406,931,704,196,316,656,144,878,664,928,243,937,751,544
0,0,0,0,0,0,0,0,0,0,187,982,223,337,692,713,518,481,873,556,494,45,846,889,1,618,247,761,791,434,438,799,652,66,331,472,590,961,369,473
0,0,0,0,0,0,0,0,0,0,0,481,417,203,76,512,966,932,741,685,428,333,81,271,499,55,918,636,95,872,831,149,735,565,815,700,294,417,310,989
0,0,0,0,0,0,0,0,0,0,0,0,304,951,58,368,61,106,875,463,172,441,360,468,9,413,96,878,347,125,385,729,518,600,252,36,261,227,685,283
0,0,0,0,0,0,0,0,0,0,0,0,0,790,637,944,320,280,485,961,818,374,283,556,448,860,476,249,383,121,998,642,862,896,415,350,349,36,974,402
0,0,0,0,0,0,0,0,0,0,0,0,0,0,278,256,212,765,853,155,685,252,725,428,877,668,447,16,834,253,841,558,485,877,345,431,999,666,253,396
0,0,0,0,0,0,0,0,0,0,0,0,0,0,0,180,61,904,314,220,496,363,790,49,567,185,717,211,440,293,475,966,33,481,786,176,603,628,837,692
0,0,0,0,0,0,0,0,0,0,0,0,0,0,0,0,705,827,720,655,538,294,224,148,420,958,227,445,740,345,309,995,241,816,437,496,845,615,985,181
0,0,0,0,0,0,0,0,0,0,0,0,0,0,0,0,0,296,922,626,89,838,964,799,134,426,570,376,208,515,186,696,530,246,177,33,895,746,312,823
0,0,0,0,0,0,0,0,0,0,0,0,0,0,0,0,0,0,747,398,385,701,814,34,137,870,263,166,278,144,235,459,619,725,930,112,808,863,877,862
0,0,0,0,0,0,0,0,0,0,0,0,0,0,0,0,0,0,0,232,583,569,920,10,86,919,37,532,290,599,451,424,739,86,628,897,277,519,281,665
0,0,0,0,0,0,0,0,0,0,0,0,0,0,0,0,0,0,0,0,415,416,804,585,879,261,838,301,509,533,392,821,124,549,834,225,29,473,565,802
0,0,0,0,0,0,0,0,0,0,0,0,0,0,0,0,0,0,0,0,0,872,280,165,841,284,728,30,774,288,880,366,809,756,981,7,250,443,37,603
0,0,0,0,0,0,0,0,0,0,0,0,0,0,0,0,0,0,0,0,0,0,778,778,145,356,466,959,993,925,552,761,484,149,127,631,869,464,750,404
0,0,0,0,0,0,0,0,0,0,0,0,0,0,0,0,0,0,0,0,0,0,0,634,318,49,576,16,581,641,403,408,776,703,763,228,963,651,176,667
0,0,0,0,0,0,0,0,0,0,0,0,0,0,0,0,0,0,0,0,0,0,0,0,849,16,671,996,242,986,866,473,706,223,620,766,38,540,382,963
0,0,0,0,0,0,0,0,0,0,0,0,0,0,0,0,0,0,0,0,0,0,0,0,0,795,169,246,393,48,925,826,25,843,138,931,572,792,338,555
0,0,0,0,0,0,0,0,0,0,0,0,0,0,0,0,0,0,0,0,0,0,0,0,0,0,281,197,556,379,250,466,266,672,863,573,263,601,273,298
0,0,0,0,0,0,0,0,0,0,0,0,0,0,0,0,0,0,0,0,0,0,0,0,0,0,0,496,481,830,674,543,446,767,971,795,118,509,807,440
0,0,0,0,0,0,0,0,0,0,0,0,0,0,0,0,0,0,0,0,0,0,0,0,0,0,0,0,446,259,512,582,809,967,683,362,545,989,21,899
0,0,0,0,0,0,0,0,0,0,0,0,0,0,0,0,0,0,0,0,0,0,0,0,0,0,0,0,0,299,451,486,81,660,227,123,188,54,416,367
0,0,0,0,0,0,0,0,0,0,0,0,0,0,0,0,0,0,0,0,0,0,0,0,0,0,0,0,0,0,279,404,883,35,373,762,721,492,367,751
0,0,0,0,0,0,0,0,0,0,0,0,0,0,0,0,0,0,0,0,0,0,0,0,0,0,0,0,0,0,0,323,804,345,530,261,106,407,375,642
0,0,0,0,0,0,0,0,0,0,0,0,0,0,0,0,0,0,0,0,0,0,0,0,0,0,0,0,0,0,0,0,650,339,724,806,774,139,598,428
0,0,0,0,0,0,0,0,0,0,0,0,0,0,0,0,0,0,0,0,0,0,0,0,0,0,0,0,0,0,0,0,0,910,16,528,269,227,590,114
0,0,0,0,0,0,0,0,0,0,0,0,0,0,0,0,0,0,0,0,0,0,0,0,0,0,0,0,0,0,0,0,0,0,715,935,284,112,477,541
0,0,0,0,0,0,0,0,0,0,0,0,0,0,0,0,0,0,0,0,0,0,0,0,0,0,0,0,0,0,0,0,0,0,0,67,257,197,457,741
0,0,0,0,0,0,0,0,0,0,0,0,0,0,0,0,0,0,0,0,0,0,0,0,0,0,0,0,0,0,0,0,0,0,0,0,998,734,81,506
0,0,0,0,0,0,0,0,0,0,0,0,0,0,0,0,0,0,0,0,0,0,0,0,0,0,0,0,0,0,0,0,0,0,0,0,0,298,750,291
0,0,0,0,0,0,0,0,0,0,0,0,0,0,0,0,0,0,0,0,0,0,0,0,0,0,0,0,0,0,0,0,0,0,0,0,0,0,101,716
0,0,0,0,0,0,0,0,0,0,0,0,0,0,0,0,0,0,0,0,0,0,0,0,0,0,0,0,0,0,0,0,0,0,0,0,0,0,0,139
0,0,0,0,0,0,0,0,0,0,0,0,0,0,0,0,0,0,0,0,0,0,0,0,0,0,0,0,0,0,0,0,0,0,0,0,0,0,0,0
