Number of physical machine types:
3
Resources for each physical machine type:
128,256
64,256
128,128
Available number for each physical machine type:
65
65
65
Activation cost for each physical machine type:
200
150
150
Number of micro-service types:
40
Required number for each micro-service type:
15
12
12
14
9
8
10
5
2
13
11
12
7
6
2
6
3
3
14
12
2
7
2
9
4
5
10
13
10
1
6
11
10
9
14
5
7
3
13
2
Resource requirements for each micro-service type:
25,45
22,55
21,42
20,74
30,54
19,32
22,62
36,76
37,51
18,45
28,33
23,40
16,31
22,66
14,43
22,68
14,53
13,72
29,27
34,40
13,26
30,55
35,53
28,36
19,28
17,48
35,27
31,73
19,40
25,65
21,48
15,48
25,31
31,37
31,34
18,74
29,53
38,76
33,38
21,50
Total invoking flow matrix:
0,57,644,218,4,640,376,376,707,214,145,118,276,681,791,9,291,558,256,68,725,418,61,731,819,878,460,989,5,529,576,535,334,237,239,253,741,233,905,389
0,0,967,8,697,549,858,588,463,412,77,235,516,396,343,61,155,245,833,813,240,455,16,435,659,356,731,135,526,579,545,389,708,783,719,808,112,796,308,401
0,0,0,39,949,773,587,732,879,674,128,744,408,520,645,979,976,583,458,430,857,940,22,423,843,675,413,809,832,123,73,458,604,64,390,576,617,86,406,232
0,0,0,0,638,336,931,512,364,570,898,693,137,935,199,443,261,582,363,252,551,208,402,813,556,340,416,893,385,732,734,993,843,774,976,294,618,647,237,558
0,0,0,0,0,208,83,512,777,977,358,284,365,939,850,932,105,159,156,789,713,605,379,183,956,592,262,314,646,299,548,711,406,24,334,279,374,543,194,176
0,0,0,0,0,0,449,558,90,28,573,509,1000,999,280,163,266,967,358,174,759,535,0,274,28,707,269,813,130,808,180,270,492,486,244,358,383,223,738,336
0,0,0,0,0,0,0,630,497,406,289,345,43,432,988,823,870,104,59,435,144,176,886,609,510,85,657,983,320,40,359,221,985,833,257,171,115,326,630,251
0,0,0,0,0,0,0,0,921,227,235,125,509,254,250,408,46,237,719,632,803,803,371,707,36,452,915,169,473,760,657,207,411,494,969,569,855,210,588,656
0,0,0,0,0,0,0,0,0,164,728,971,707,837,43,712,589,137,263,584,349,865,648,568,770,103,72,655,892,174,777,200,406,874,408,327,629,155,516,959
0,0,0,0,0,0,0,0,0,0,678,970,722,201,692,88,978,486,763,319,366,603,978,970,314,25,427,598,4,26,144,652,878,852,289,134,67,44,325,590
0,0,0,0,0,0,0,0,0,0,0,450,822,290,969,852,775,217,832,199,244,992,320,660,812,784,366,184,135,53,833,715,570,751,63,202,878,755,95,128
0,0,0,0,0,0,0,0,0,0,0,0,578,70,510,121,925,53,900,952,817,838,828,806,844,678,720,386,899,327,503,727,837,183,994,271,238,726,640,669
0,0,0,0,0,0,0,0,0,0,0,0,0,378,959,523,42,393,930,115,120,410,654,783,91,671,974,512,525,862,933,679,720,847,727,817,732,283,494,459
0,0,0,0,0,0,0,0,0,0,0,0,0,0,802,373,749,636,147,423,650,42,63,226,954,415,638,163,984,946,755,858,212,8,676,467,313,818,969,739
0,0,0,0,0,0,0,0,0,0,0,0,0,0,0,913,47,804,850,200,555,852,310,528,455,88,246,234,306,665,706,209,242,813,395,109,361,810,885,169
0,0,0,0,0,0,0,0,0,0,0,0,0,0,0,0,430,849,981,461,104,41,794,314,654,310,452,726,104,293,867,683,91,789,227,558,980,952,187,792
0,0,0,0,0,0,0,0,0,0,0,0,0,0,0,0,0,350,231,56,868,355,539,440,279,163,728,562,924,756,79,317,320,373,795,760,567,571,878,876
0,0,0,0,0,0,0,0,0,0,0,0,0,0,0,0,0,0,405,516,49,897,685,139,205,660,854,300,714,827,451,261,700,695,636,434,925,991,340,855
0,0,0,0,0,0,0,0,0,0,0,0,0,0,0,0,0,0,0,396,372,209,930,709,510,48,56,758,114,255,91,299,921,424,971,819,855,484,720,487
0,0,0,0,0,0,0,0,0,0,0,0,0,0,0,0,0,0,0,0,9,175,49,195,793,479,530,23,297,581,312,250,726,598,814,101,691,984,84,110
0,0,0,0,0,0,0,0,0,0,0,0,0,0,0,0,0,0,0,0,0,285,349,185,354,533,355,18,721,54,502,914,185,146,155,59,276,81,994,140
0,0,0,0,0,0,0,0,0,0,0,0,0,0,0,0,0,0,0,0,0,0,847,454,173,690,831,33,463,47,652,151,318,53,331,948,30,69,931,748
0,0,0,0,0,0,0,0,0,0,0,0,0,0,0,0,0,0,0,0,0,0,0,416,866,133,690,882,724,274,420,166,520,855,969,853,493,573,364,212
0,0,0,0,0,0,0,0,0,0,0,0,0,0,0,0,0,0,0,0,0,0,0,0,800,994,171,928,379,961,507,530,189,333,288,495,557,819,513,696
0,0,0,0,0,0,0,0,0,0,0,0,0,0,0,0,0,0,0,0,0,0,0,0,0,560,156,560,52,233,243,269,717,648,373,308,504,24,385,8
0,0,0,0,0,0,0,0,0,0,0,0,0,0,0,0,0,0,0,0,0,0,0,0,0,0,310,348,159,395,333,667,599,244,116,719,499,138,674,61
0,0,0,0,0,0,0,0,0,0,0,0,0,0,0,0,0,0,0,0,0,0,0,0,0,0,0,288,768,629,766,369,795,641,847,402,745,242,55,840
0,0,0,0,0,0,0,0,0,0,0,0,0,0,0,0,0,0,0,0,0,0,0,0,0,0,0,0,141,190,441,142,896,860,909,937,321,551,9,809
0,0,0,0,0,0,0,0,0,0,0,0,0,0,0,0,0,0,0,0,0,0,0,0,0,0,0,0,0,192,364,483,830,888,139,488,372,241,530,325
0,0,0,0,0,0,0,0,0,0,0,0,0,0,0,0,0,0,0,0,0,0,0,0,0,0,0,0,0,0,688,290,65,522,658,724,462,598,225,36
0,0,0,0,0,0,0,0,0,0,0,0,0,0,0,0,0,0,0,0,0,0,0,0,0,0,0,0,0,0,0,933,458,663,435,166,791,619,788,832
0,0,0,0,0,0,0,0,0,0,0,0,0,0,0,0,0,0,0,0,0,0,0,0,0,0,0,0,0,0,0,0,288,788,874,644,306,131,51,952
0,0,0,0,0,0,0,0,0,0,0,0,0,0,0,0,0,0,0,0,0,0,0,0,0,0,0,0,0,0,0,0,0,116,144,919,508,289,190,498
0,0,0,0,0,0,0,0,0,0,0,0,0,0,0,0,0,0,0,0,0,0,0,0,0,0,0,0,0,0,0,0,0,0,685,865,226,139,855,261
0,0,0,0,0,0,0,0,0,0,0,0,0,0,0,0,0,0,0,0,0,0,0,0,0,0,0,0,0,0,0,0,0,0,0,840,567,466,215,740
0,0,0,0,0,0,0,0,0,0,0,0,0,0,0,0,0,0,0,0,0,0,0,0,0,0,0,0,0,0,0,0,0,0,0,0,11,998,245,102
0,0,0,0,0,0,0,0,0,0,0,0,0,0,0,0,0,0,0,0,0,0,0,0,0,0,0,0,0,0,0,0,0,0,0,0,0,233,745,752
0,0,0,0,0,0,0,0,0,0,0,0,0,0,0,0,0,0,0,0,0,0,0,0,0,0,0,0,0,0,0,0,0,0,0,0,0,0,180,982
0,0,0,0,0,0,0,0,0,0,0,0,0,0,0,0,0,0,0,0,0,0,0,0,0,0,0,0,0,0,0,0,0,0,0,0,0,0,0,275
0,0,0,0,0,0,0,0,0,0,0,0,0,0,0,0,0,0,0,0,0,0,0,0,0,0,0,0,0,0,0,0,0,0,0,0,0,0,0,0
