Number of physical machine types:
3
Resources for each physical machine type:
128,256
64,256
128,128
Available number for each physical machine type:
73
73
73
Activation cost for each physical machine type:
200
150
150
Number of micro-service types:
40
Required number for each micro-service type:
3
7
8
3
13
15
1
3
11
15
11
3
14
2
3
10
11
15
13
14
12
7
8
14
11
4
10
3
12
9
10
8
5
14
14
5
13
5
8
10
Resource requirements for each micro-service type:
24,65
18,69
16,30
29,69
21,57
21,43
33,35
26,58
20,59
22,72
34,33
29,66
30,49
32,69
15,76
23,43
15,56
14,43
33,69
18,66
17,38
21,26
16,37
22,29
35,67
32,58
22,73
26,62
26,73
22,45
24,52
24,30
33,53
20,43
18,38
13,63
25,51
27,42
24,53
28,58
Total invoking flow matrix:
0,77,353,524,737,684,258,432,483,773,712,768,774,750,365,914,178,19,118,458,361,966,345,639,170,501,958,750,636,816,396,906,588,411,442,543,656,460,30,319
0,0,700,647,570,943,105,796,811,345,961,558,418,897,946,813,847,730,621,381,414,249,608,668,347,681,116,612,186,995,247,733,717,194,41,991,679,532,216,251
0,0,0,596,567,171,835,375,546,830,798,347,133,536,290,484,171,156,882,803,960,780,433,978,120,953,854,699,210,98,803,829,393,306,235,919,926,958,425,801
0,0,0,0,896,953,799,948,262,160,791,440,511,932,251,897,960,269,118,206,248,31,197,286,674,23,65,656,941,189,38,60,470,137,733,548,446,713,731,485
0,0,0,0,0,412,287,433,113,374,345,136,26,921,335,560,518,390,538,693,101,729,176,474,790,971,479,478,759,686,899,477,970,9,449,130,756,959,979,341
0,0,0,0,0,0,412,686,673,877,684,788,953,520,49,35,984,439,167,538,600,702,350,799,76,16,588,943,75,934,496,893,141,886,522,547,280,937,765,74
0,0,0,0,0,0,0,581,851,507,163,587,968,653,441,220,496,326,282,325,365,598,280,511,677,965,500,301,352,20,99,997,800,526,653,257,824,404,887,343
0,0,0,0,0,0,0,0,565,747,189,691,699,873,714,120,937,985,778,385,356,85,294,428,5,727,749,306,955,103,325,688,740,707,198,846,838,162,669,977
0,0,0,0,0,0,0,0,0,562,344,384,740,301,190,255,675,822,412,906,200,149,959,158,640,98,124,295,768,191,901,328,705,164,821,696,673,71,90,898
0,0,0,0,0,0,0,0,0,0,613,425,781,11,68,907,668,976,783,430,441,791,186,570,180,458,232,860,133,511,560,647,345,734,364,927,834,592,676,195
0,0,0,0,0,0,0,0,0,0,0,775,763,463,872,232,675,89,105,958,793,790,156,488,590,997,699,92,564,178,836,279,381,998,383,190,37,468,18,291
0,0,0,0,0,0,0,0,0,0,0,0,222,609,983,133,153,107,570,642,432,999,174,842,100,729,716,658,45,206,284,635,986,169,652,538,807,889,235,594
0,0,0,0,0,0,0,0,0,0,0,0,0,610,764,668,511,583,45,978,951,179,100,154,873,23,120,716,564,302,708,534,504,7,56,264,560,23,304,478
0,0,0,0,0,0,0,0,0,0,0,0,0,0,256,777,140,269,24,880,977,478,794,781,395,664,242,879,573,381,551,106,602,536,712,268,646,963,408,719
0,0,0,0,0,0,0,0,0,0,0,0,0,0,0,608,964,637,671,859,381,384,595,358,372,169,43,465,444,128,203,239,300,722,226,922,338,354,757,661
0,0,0,0,0,0,0,0,0,0,0,0,0,0,0,0,393,716,603,755,0,15,707,684,720,337,600,252,179,838,917,341,640,441,648,461,708,309,387,7
0,0,0,0,0,0,0,0,0,0,0,0,0,0,0,0,0,833,600,66,458,35,851,405,219,847,891,330,987,158,392,646,947,95,864,967,437,417,546,415
0,0,0,0,0,0,0,0,0,0,0,0,0,0,0,0,0,0,803,131,23,122,561,415,949,429,538,171,471,708,390,180,173,785,385,353,437,190,16,826
0,0,0,0,0,0,0,0,0,0,0,0,0,0,0,0,0,0,0,297,950,906,170,918,6,499,363,306,411,357,459,11,857,94,707,627,243,482,679,828
0,0,0,0,0,0,0,0,0,0,0,0,0,0,0,0,0,0,0,0,796,729,635,869,109,687,675,530,590,477,238,945,401,253,597,602,646,886,428,785
0,0,0,0,0,0,0,0,0,0,0,0,0,0,0,0,0,0,0,0,0,616,432,760,303,223,777,43,231,905,941,880,688,337,756,557,672,155,404,309
0,0,0,0,0,0,0,0,0,0,0,0,0,0,0,0,0,0,0,0,0,0,861,663,10,421,471,210,952,914,501,170,137,773,82,45,330,980,263,230
0,0,0,0,0,0,0,0,0,0,0,0,0,0,0,0,0,0,0,0,0,0,0,119,809,159,210,528,192,561,546,577,820,455,370,49,61,986,334,23
0,0,0,0,0,0,0,0,0,0,0,0,0,0,0,0,0,0,0,0,0,0,0,0,811,278,420,578,571,279,221,221,57,67,6,928,969,10,469,639
0,0,0,0,0,0,0,0,0,0,0,0,0,0,0,0,0,0,0,0,0,0,0,0,0,976,469,862,220,499,876,928,621,766,132,451,228,85,22,197
0,0,0,0,0,0,0,0,0,0,0,0,0,0,0,0,0,0,0,0,0,0,0,0,0,0,983,708,48,443,873,144,929,375,640,133,563,689,341,844
0,0,0,0,0,0,0,0,0,0,0,0,0,0,0,0,0,0,0,0,0,0,0,0,0,0,0,251,216,388,180,846,958,322,740,605,845,420,387,78
0,0,0,0,0,0,0,0,0,0,0,0,0,0,0,0,0,0,0,0,0,0,0,0,0,0,0,0,175,325,990,196,229,652,907,558,720,132,758,6
0,0,0,0,0,0,0,0,0,0,0,0,0,0,0,0,0,0,0,0,0,0,0,0,0,0,0,0,0,4,162,2,230,577,272,9,84,613,564,145
0,0,0,0,0,0,0,0,0,0,0,0,0,0,0,0,0,0,0,0,0,0,0,0,0,0,0,0,0,0,564,18,780,216,245,36,383,800,842,736
0,0,0,0,0,0,0,0,0,0,0,0,0,0,0,0,0,0,0,0,0,0,0,0,0,0,0,0,0,0,0,975,752,796,797,18,578,887,393,349
0,0,0,0,0,0,0,0,0,0,0,0,0,0,0,0,0,0,0,0,0,0,0,0,0,0,0,0,0,0,0,0,691,298,644,408,540,42,280,780
0,0,0,0,0,0,0,0,0,0,0,0,0,0,0,0,0,0,0,0,0,0,0,0,0,0,0,0,0,0,0,0,0,630,352,581,53,972,598,213
0,0,0,0,0,0,0,0,0,0,0,0,0,0,0,0,0,0,0,0,0,0,0,0,0,0,0,0,0,0,0,0,0,0,583,305,710,803,869,483
0,0,0,0,0,0,0,0,0,0,0,0,0,0,0,0,0,0,0,0,0,0,0,0,0,0,0,0,0,0,0,0,0,0,0,930,801,433,296,204
0,0,0,0,0,0,0,0,0,0,0,0,0,0,0,0,0,0,0,0,0,0,0,0,0,0,0,0,0,0,0,0,0,0,0,0,880,420,283,24
0,0,0,0,0,0,0,0,0,0,0,0,0,0,0,0,0,0,0,0,0,0,0,0,0,0,0,0,0,0,0,0,0,0,0,0,0,567,498,651
0,0,0,0,0,0,0,0,0,0,0,0,0,0,0,0,0,0,0,0,0,0,0,0,0,0,0,0,0,0,0,0,0,0,0,0,0,0,359,744
0,0,0,0,0,0,0,0,0,0,0,0,0,0,0,0,0,0,0,0,0,0,0,0,0,0,0,0,0,0,0,0,0,0,0,0,0,0,0,18
0,0,0,0,0,0,0,0,0,0,0,0,0,0,0,0,0,0,0,0,0,0,0,0,0,0,0,0,0,0,0,0,0,0,0,0,0,0,0,0
