Number of physical machine types:
3
Resources for each physical machine type:
128,256
64,256
128,128
Available number for each physical machine type:
69
69
69
Activation cost for each physical machine type:
200
150
150
Number of micro-service types:
40
Required number for each micro-service type:
4
13
6
1
8
5
9
13
5
8
12
13
14
8
5
15
2
14
8
4
6
10
3
6
13
10
9
6
3
3
11
14
9
15
13
13
14
4
7
4
Resource requirements for each micro-service type:
22,72
21,46
24,29
23,41
25,76
21,30
17,35
36,38
30,35
16,55
17,54
14,66
26,27
19,49
36,76
18,53
29,51
37,76
22,68
37,52
16,52
28,59
28,50
36,35
28,64
36,43
16,32
20,62
33,63
27,34
16,53
26,73
15,69
28,37
33,62
28,58
36,53
21,29
13,51
23,76
Total invoking flow matrix:
0,419,484,352,564,642,776,658,744,231,726,598,128,758,120,950,276,78,951,712,639,93,767,521,82,441,575,166,899,138,477,308,450,432,463,647,951,120,700,772
0,0,380,882,980,614,802,247,64,389,140,439,317,31,331,520,465,687,39,371,366,861,362,945,502,852,614,545,561,571,223,732,752,550,102,71,77,738,583,704
0,0,0,742,12,263,511,260,168,654,437,803,692,584,694,122,385,157,301,314,404,51,802,273,24,816,447,504,410,156,735,949,287,242,577,787,670,155,119,199
0,0,0,0,673,854,601,416,443,288,135,595,500,888,447,760,839,265,727,819,552,638,824,428,568,315,31,16,901,143,66,768,684,567,463,616,382,181,640,516
0,0,0,0,0,16,469,289,28,943,700,755,54,478,304,332,988,599,28,323,851,581,61,183,312,433,890,655,654,801,927,206,701,289,380,915,238,748,716,679
0,0,0,0,0,0,895,2,79,395,590,602,341,549,475,103,859,177,949,872,965,129,788,420,693,937,998,38,276,480,119,224,287,151,866,520,7,995,272,642
0,0,0,0,0,0,0,881,868,644,849,611,834,559,536,331,414,803,930,895,948,670,206,880,324,913,613,752,885,890,358,92,13,197,233,527,783,769,273,413
0,0,0,0,0,0,0,0,454,333,612,651,53,340,366,405,447,814,307,972,383,533,28,902,566,546,396,264,582,52,857,311,969,838,645,37,183,632,283,787
0,0,0,0,0,0,0,0,0,161,713,625,967,94,218,23,171,535,877,1,322,883,324,42,531,156,338,683,208,204,892,52,192,93,138,975,847,445,868,918
0,0,0,0,0,0,0,0,0,0,713,711,957,534,63,101,111,675,831,308,72,741,825,897,27,647,82,111,732,845,82,477,349,414,628,491,379,7,812,477
0,0,0,0,0,0,0,0,0,0,0,548,348,584,434,24,332,276,950,24,801,806,247,154,282,983,95,531,110,634,46,794,586,365,616,69,645,961,716,234
0,0,0,0,0,0,0,0,0,0,0,0,141,237,235,956,622,24,824,178,121,150,826,828,523,686,224,634,56,213,393,528,547,221,327,444,142,227,548,325
0,0,0,0,0,0,0,0,0,0,0,0,0,884,48,647,70,807,557,523,545,173,431,933,927,999,204,419,418,165,882,531,479,909,170,838,818,10,442,198
0,0,0,0,0,0,0,0,0,0,0,0,0,0,878,382,934,572,519,504,602,796,538,197,597,564,704,690,113,669,521,153,967,632,559,377,511,262,238,554
0,0,0,0,0,0,0,0,0,0,0,0,0,0,0,202,400,917,846,318,724,587,280,50,434,138,306,402,28,224,179,513,129,610,476,447,107,42,732,245
0,0,0,0,0,0,0,0,0,0,0,0,0,0,0,0,803,728,625,670,806,792,924,285,811,957,691,714,936,698,808,866,236,38,97,808,922,435,566,260
0,0,0,0,0,0,0,0,0,0,0,0,0,0,0,0,0,740,870,468,944,255,709,183,534,5,618,80,454,794,932,388,816,975,885,841,390,597,305,898
0,0,0,0,0,0,0,0,0,0,0,0,0,0,0,0,0,0,264,347,204,663,388,9,6,386,293,693,670,141,291,16,316,841,566,833,705,943,194,2
0,0,0,0,0,0,0,0,0,0,0,0,0,0,0,0,0,0,0,565,876,498,96,115,921,758,839,95,661,13,895,53,6,932,558,187,206,817,287,800
0,0,0,0,0,0,0,0,0,0,0,0,0,0,0,0,0,0,0,0,438,399,607,655,771,396,101,577,664,931,183,823,358,546,251,366,109,184,223,680
0,0,0,0,0,0,0,0,0,0,0,0,0,0,0,0,0,0,0,0,0,840,204,265,467,908,796,230,374,109,26,40,338,948,916,109,449,373,23,392
0,0,0,0,0,0,0,0,0,0,0,0,0,0,0,0,0,0,0,0,0,0,702,753,908,711,449,362,149,488,956,234,84,778,698,507,718,867,251,142
0,0,0,0,0,0,0,0,0,0,0,0,0,0,0,0,0,0,0,0,0,0,0,748,664,62,252,429,907,238,529,622,600,330,935,940,638,431,689,855
0,0,0,0,0,0,0,0,0,0,0,0,0,0,0,0,0,0,0,0,0,0,0,0,471,272,646,900,322,448,698,171,296,78,614,803,253,462,539,79
0,0,0,0,0,0,0,0,0,0,0,0,0,0,0,0,0,0,0,0,0,0,0,0,0,852,150,346,791,789,466,647,326,635,810,481,886,591,187,575
0,0,0,0,0,0,0,0,0,0,0,0,0,0,0,0,0,0,0,0,0,0,0,0,0,0,962,904,200,658,717,843,240,916,991,227,549,332,363,626
0,0,0,0,0,0,0,0,0,0,0,0,0,0,0,0,0,0,0,0,0,0,0,0,0,0,0,356,254,746,416,127,407,309,159,395,382,536,414,12
0,0,0,0,0,0,0,0,0,0,0,0,0,0,0,0,0,0,0,0,0,0,0,0,0,0,0,0,707,136,103,592,168,631,702,544,912,535,872,324
0,0,0,0,0,0,0,0,0,0,0,0,0,0,0,0,0,0,0,0,0,0,0,0,0,0,0,0,0,264,283,412,964,275,787,737,63,783,476,549
0,0,0,0,0,0,0,0,0,0,0,0,0,0,0,0,0,0,0,0,0,0,0,0,0,0,0,0,0,0,754,152,627,796,292,288,616,648,554,147
0,0,0,0,0,0,0,0,0,0,0,0,0,0,0,0,0,0,0,0,0,0,0,0,0,0,0,0,0,0,0,652,212,959,492,243,130,83,62,693
0,0,0,0,0,0,0,0,0,0,0,0,0,0,0,0,0,0,0,0,0,0,0,0,0,0,0,0,0,0,0,0,48,466,574,509,326,984,812,269
0,0,0,0,0,0,0,0,0,0,0,0,0,0,0,0,0,0,0,0,0,0,0,0,0,0,0,0,0,0,0,0,0,573,401,286,724,563,297,169
0,0,0,0,0,0,0,0,0,0,0,0,0,0,0,0,0,0,0,0,0,0,0,0,0,0,0,0,0,0,0,0,0,0,436,981,97,359,658,969
0,0,0,0,0,0,0,0,0,0,0,0,0,0,0,0,0,0,0,0,0,0,0,0,0,0,0,0,0,0,0,0,0,0,0,552,79,977,45,677
0,0,0,0,0,0,0,0,0,0,0,0,0,0,0,0,0,0,0,0,0,0,0,0,0,0,0,0,0,0,0,0,0,0,0,0,102,974,143,53
0,0,0,0,0,0,0,0,0,0,0,0,0,0,0,0,0,0,0,0,0,0,0,0,0,0,0,0,0,0,0,0,0,0,0,0,0,408,929,44
0,0,0,0,0,0,0,0,0,0,0,0,0,0,0,0,0,0,0,0,0,0,0,0,0,0,0,0,0,0,0,0,0,0,0,0,0,0,512,864
0,0,0,0,0,0,0,0,0,0,0,0,0,0,0,0,0,0,0,0,0,0,0,0,0,0,0,0,0,0,0,0,0,0,0,0,0,0,0,698
0,0,0,0,0,0,0,0,0,0,0,0,0,0,0,0,0,0,0,0,0,0,0,0,0,0,0,0,0,0,0,0,0,0,0,0,0,0,0,0
