Number of physical machine types:
3
Resources for each physical machine type:
128,256
64,256
128,128
Available number for each physical machine type:
68
68
68
Activation cost for each physical machine type:
200
150
150
Number of micro-service types:
40
Required number for each micro-service type:
5
11
14
10
14
13
5
15
12
8
8
3
13
5
8
1
10
7
2
14
12
13
8
8
14
6
8
8
9
2
3
2
8
6
13
5
8
5
11
8
Resource requirements for each micro-service type:
38,37
30,26
25,26
16,28
25,45
33,51
38,68
23,47
19,74
17,68
23,50
24,62
15,30
18,67
35,27
30,66
22,69
32,42
18,45
33,66
29,35
25,39
33,71
29,53
28,59
14,43
19,71
15,44
28,49
17,33
18,73
28,57
26,46
36,57
16,76
16,71
22,61
24,67
16,57
19,48
Total invoking flow matrix:
0,731,335,842,276,511,787,803,468,576,810,18,682,297,832,843,234,393,223,667,671,170,905,823,137,745,254,146,468,785,588,763,617,84,935,30,330,444,4,104
0,0,409,716,767,120,159,213,292,963,448,193,605,817,843,71,89,140,939,542,99,74,178,90,744,308,400,550,528,561,360,13,588,614,210,502,101,400,773,691
0,0,0,353,468,769,108,647,225,609,955,690,543,407,2,429,485,21,60,475,620,434,57,80,228,511,829,711,693,556,799,750,995,748,633,481,766,521,544,598
0,0,0,0,890,312,835,990,798,480,496,884,135,950,761,331,322,18,626,386,365,466,224,561,324,363,148,458,514,198,992,13,607,608,937,185,886,49,276,699
0,0,0,0,0,991,894,398,712,846,344,657,264,655,275,810,285,969,83,611,995,325,146,774,809,899,512,788,505,116,829,315,109,852,922,178,568,250,928,519
0,0,0,0,0,0,413,320,834,193,34,3,455,310,227,657,399,651,481,813,13,824,343,986,451,636,706,842,202,587,626,99,441,363,306,854,68,459,278,517
0,0,0,0,0,0,0,437,639,976,112,463,213,828,865,338,193,496,762,562,148,858,829,303,50,669,946,777,32,605,388,378,129,965,157,394,547,887,458,115
0,0,0,0,0,0,0,0,653,163,381,495,717,848,783,845,148,688,774,100,860,100,463,549,70,774,303,666,673,366,478,42,801,378,617,895,265,687,195,986
0,0,0,0,0,0,0,0,0,793,733,67,726,714,648,797,763,650,894,179,466,465,313,48,926,441,404,71,448,82,438,1000,371,658,592,169,811,277,214,887
0,0,0,0,0,0,0,0,0,0,490,161,83,545,67,134,867,876,406,495,868,762,404,135,230,84,768,865,462,282,142,74,75,824,164,454,911,921,924,814
0,0,0,0,0,0,0,0,0,0,0,18,83,127,530,685,486,306,154,685,683,911,520,849,665,290,441,920,183,352,874,847,319,368,612,469,204,202,20,968
0,0,0,0,0,0,0,0,0,0,0,0,89,756,716,649,2,731,694,33,983,555,193,78,351,214,311,444,86,606,831,717,957,522,787,591,656,751,923,356
0,0,0,0,0,0,0,0,0,0,0,0,0,318,646,729,464,638,445,808,690,892,362,630,910,587,928,963,295,653,565,167,657,796,195,878,800,444,494,390
0,0,0,0,0,0,0,0,0,0,0,0,0,0,649,208,655,297,945,743,110,76,874,664,114,657,709,27,92,468,277,458,909,607,916,674,5,316,157,452
0,0,0,0,0,0,0,0,0,0,0,0,0,0,0,111,513,695,14,701,613,442,450,777,295,240,369,924,783,970,140,339,440,805,608,506,103,808,326,288
0,0,0,0,0,0,0,0,0,0,0,0,0,0,0,0,300,976,965,145,685,276,794,86,676,10,491,623,660,408,133,589,698,48,733,444,978,318,136,404
0,0,0,0,0,0,0,0,0,0,0,0,0,0,0,0,0,293,70,713,629,243,968,465,391,72,878,895,754,799,670,327,446,773,560,443,846,798,598,914
0,0,0,0,0,0,0,0,0,0,0,0,0,0,0,0,0,0,488,51,597,301,104,309,38,619,901,931,561,864,910,317,954,913,829,183,576,519,913,916
0,0,0,0,0,0,0,0,0,0,0,0,0,0,0,0,0,0,0,23,75,721,757,610,86,237,421,546,418,307,482,64,163,389,380,193,117,816,261,755
0,0,0,0,0,0,0,0,0,0,0,0,0,0,0,0,0,0,0,0,499,696,641,938,148,246,812,152,433,761,796,938,122,441,441,189,8,647,461,52
0,0,0,0,0,0,0,0,0,0,0,0,0,0,0,0,0,0,0,0,0,433,709,81,738,710,181,945,68,895,580,204,118,346,850,168,618,806,618,169
0,0,0,0,0,0,0,0,0,0,0,0,0,0,0,0,0,0,0,0,0,0,994,854,681,399,283,790,128,499,503,572,211,790,728,528,709,643,580,529
0,0,0,0,0,0,0,0,0,0,0,0,0,0,0,0,0,0,0,0,0,0,0,55,39,958,83,632,209,718,145,140,965,629,51,192,318,638,404,242
0,0,0,0,0,0,0,0,0,0,0,0,0,0,0,0,0,0,0,0,0,0,0,0,943,354,433,835,371,801,463,533,878,360,182,828,473,426,906,139
0,0,0,0,0,0,0,0,0,0,0,0,0,0,0,0,0,0,0,0,0,0,0,0,0,44,205,27,721,597,224,612,253,617,617,221,685,423,485,597
0,0,0,0,0,0,0,0,0,0,0,0,0,0,0,0,0,0,0,0,0,0,0,0,0,0,588,600,625,668,819,42,226,480,336,328,476,619,455,497
0,0,0,0,0,0,0,0,0,0,0,0,0,0,0,0,0,0,0,0,0,0,0,0,0,0,0,704,475,588,105,673,881,869,235,819,151,397,742,2
0,0,0,0,0,0,0,0,0,0,0,0,0,0,0,0,0,0,0,0,0,0,0,0,0,0,0,0,433,910,107,503,782,211,633,275,379,949,777,143
0,0,0,0,0,0,0,0,0,0,0,0,0,0,0,0,0,0,0,0,0,0,0,0,0,0,0,0,0,101,49,501,465,100,145,862,725,515,833,806
0,0,0,0,0,0,0,0,0,0,0,0,0,0,0,0,0,0,0,0,0,0,0,0,0,0,0,0,0,0,972,3,242,821,128,959,187,718,186,23
0,0,0,0,0,0,0,0,0,0,0,0,0,0,0,0,0,0,0,0,0,0,0,0,0,0,0,0,0,0,0,477,838,861,327,841,507,825,391,620
0,0,0,0,0,0,0,0,0,0,0,0,0,0,0,0,0,0,0,0,0,0,0,0,0,0,0,0,0,0,0,0,15,104,58,125,262,13,382,850
0,0,0,0,0,0,0,0,0,0,0,0,0,0,0,0,0,0,0,0,0,0,0,0,0,0,0,0,0,0,0,0,0,12,285,827,239,144,366,579
0,0,0,0,0,0,0,0,0,0,0,0,0,0,0,0,0,0,0,0,0,0,0,0,0,0,0,0,0,0,0,0,0,0,199,527,320,842,327,536
0,0,0,0,0,0,0,0,0,0,0,0,0,0,0,0,0,0,0,0,0,0,0,0,0,0,0,0,0,0,0,0,0,0,0,506,436,763,492,644
0,0,0,0,0,0,0,0,0,0,0,0,0,0,0,0,0,0,0,0,0,0,0,0,0,0,0,0,0,0,0,0,0,0,0,0,212,390,589,376
0,0,0,0,0,0,0,0,0,0,0,0,0,0,0,0,0,0,0,0,0,0,0,0,0,0,0,0,0,0,0,0,0,0,0,0,0,597,877,592
0,0,0,0,0,0,0,0,0,0,0,0,0,0,0,0,0,0,0,0,0,0,0,0,0,0,0,0,0,0,0,0,0,0,0,0,0,0,97,985
0,0,0,0,0,0,0,0,0,0,0,0,0,0,0,0,0,0,0,0,0,0,0,0,0,0,0,0,0,0,0,0,0,0,0,0,0,0,0,106
0,0,0,0,0,0,0,0,0,0,0,0,0,0,0,0,0,0,0,0,0,0,0,0,0,0,0,0,0,0,0,0,0,0,0,0,0,0,0,0
