Number of physical machine types:
3
Resources for each physical machine type:
128,256
64,256
128,128
Available number for each physical machine type:
64
64
64
Activation cost for each physical machine type:
200
150
150
Number of micro-service types:
40
Required number for each micro-service type:
9
3
8
5
1
10
14
11
3
8
11
3
6
13
4
4
2
6
4
4
15
3
11
5
13
12
11
7
1
13
11
7
15
6
5
6
14
9
10
10
Resource requirements for each micro-service type:
13,72
31,28
19,60
17,38
23,30
24,45
22,54
19,57
36,66
35,65
22,44
31,52
26,69
25,37
14,34
14,61
17,75
36,76
19,40
29,58
36,56
24,66
18,59
18,37
29,49
25,58
27,48
17,69
20,41
25,26
35,37
36,35
31,39
37,26
34,41
36,59
20,46
33,70
27,71
23,40
Total invoking flow matrix:
0,667,978,936,312,92,583,811,688,982,676,804,511,826,553,891,983,628,652,798,76,849,305,275,676,666,440,8,52,550,594,739,829,550,336,493,42,102,722,497
0,0,409,784,962,599,434,801,523,72,437,411,828,239,545,982,979,721,263,912,676,527,267,628,109,460,226,853,60,612,902,995,241,942,420,187,160,188,750,387
0,0,0,638,555,361,865,59,888,794,666,188,455,441,234,985,919,197,730,416,529,740,639,683,212,507,472,470,82,680,694,862,577,562,304,962,224,492,186,846
0,0,0,0,657,992,479,68,321,189,969,554,913,521,917,587,42,512,226,338,143,646,797,564,829,268,330,44,855,504,373,879,729,148,836,876,805,482,931,986
0,0,0,0,0,850,128,2,994,510,725,143,293,470,802,707,691,291,158,275,846,609,937,45,472,988,804,296,153,898,376,163,197,42,603,381,174,291,91,792
0,0,0,0,0,0,662,333,790,834,269,478,822,32,170,333,392,85,918,941,984,775,639,573,183,232,322,308,131,581,420,887,65,166,682,494,329,612,512,417
0,0,0,0,0,0,0,577,378,775,907,283,257,238,116,924,892,471,835,171,895,358,801,586,582,718,184,317,707,410,669,68,516,968,881,117,11,575,984,652
0,0,0,0,0,0,0,0,513,462,149,729,107,154,124,818,239,864,334,676,766,258,674,392,205,568,542,538,787,411,887,400,620,429,979,355,692,566,916,387
0,0,0,0,0,0,0,0,0,82,55,171,881,371,72,33,571,776,286,659,555,579,823,309,473,568,888,674,262,77,637,564,745,52,149,732,438,720,542,902
0,0,0,0,0,0,0,0,0,0,564,401,704,741,405,332,498,17,220,434,13,857,985,671,907,916,9,853,183,329,810,645,303,505,302,972,829,268,247,158
0,0,0,0,0,0,0,0,0,0,0,696,564,334,220,936,987,781,872,241,234,610,467,411,587,916,611,334,153,542,453,439,323,696,202,203,967,702,489,291
0,0,0,0,0,0,0,0,0,0,0,0,957,978,952,981,393,349,934,539,69,423,106,46,597,251,963,454,335,39,819,113,484,518,404,726,656,805,534,373
0,0,0,0,0,0,0,0,0,0,0,0,0,590,74,442,478,213,557,483,437,25,302,749,992,772,856,612,142,560,186,203,479,621,748,38,631,559,495,513
0,0,0,0,0,0,0,0,0,0,0,0,0,0,793,16,657,306,247,196,245,43,517,174,679,88,689,501,297,796,485,995,5,231,618,771,581,610,227,910
0,0,0,0,0,0,0,0,0,0,0,0,0,0,0,873,756,706,211,82,890,318,227,465,370,536,571,505,977,739,239,955,176,43,667,460,977,851,397,476
0,0,0,0,0,0,0,0,0,0,0,0,0,0,0,0,880,656,284,197,192,847,373,322,53,478,692,307,739,287,566,484,72,895,317,220,326,363,630,610
0,0,0,0,0,0,0,0,0,0,0,0,0,0,0,0,0,501,320,664,426,317,122,216,899,223,634,976,94,559,691,540,656,978,418,454,556,227,432,876
0,0,0,0,0,0,0,0,0,0,0,0,0,0,0,0,0,0,904,362,667,755,206,813,632,503,977,300,576,150,830,247,948,126,214,75,600,329,579,380
0,0,0,0,0,0,0,0,0,0,0,0,0,0,0,0,0,0,0,91,765,666,52,820,889,909,427,404,718,959,124,192,408,102,287,944,404,730,106,786
0,0,0,0,0,0,0,0,0,0,0,0,0,0,0,0,0,0,0,0,879,227,875,802,134,840,604,952,862,309,198,965,197,327,204,263,129,382,610,56
0,0,0,0,0,0,0,0,0,0,0,0,0,0,0,0,0,0,0,0,0,692,397,913,656,585,147,875,262,882,901,423,103,691,540,326,423,580,165,474
0,0,0,0,0,0,0,0,0,0,0,0,0,0,0,0,0,0,0,0,0,0,183,795,560,192,846,368,565,156,691,470,139,409,157,190,108,980,499,682
0,0,0,0,0,0,0,0,0,0,0,0,0,0,0,0,0,0,0,0,0,0,0,32,140,171,918,24,766,154,104,926,928,206,315,348,838,849,470,735
0,0,0,0,0,0,0,0,0,0,0,0,0,0,0,0,0,0,0,0,0,0,0,0,588,589,652,53,612,322,176,699,539,33,816,735,157,420,493,195
0,0,0,0,0,0,0,0,0,0,0,0,0,0,0,0,0,0,0,0,0,0,0,0,0,96,883,141,575,857,618,383,909,884,868,371,70,225,808,224
0,0,0,0,0,0,0,0,0,0,0,0,0,0,0,0,0,0,0,0,0,0,0,0,0,0,38,928,661,611,566,260,282,151,562,287,377,494,416,553
0,0,0,0,0,0,0,0,0,0,0,0,0,0,0,0,0,0,0,0,0,0,0,0,0,0,0,640,294,411,278,287,830,515,31,762,974,511,861,29
0,0,0,0,0,0,0,0,0,0,0,0,0,0,0,0,0,0,0,0,0,0,0,0,0,0,0,0,993,397,165,651,385,923,285,6,789,40,135,456
0,0,0,0,0,0,0,0,0,0,0,0,0,0,0,0,0,0,0,0,0,0,0,0,0,0,0,0,0,413,292,642,31,506,556,963,789,729,689,336
0,0,0,0,0,0,0,0,0,0,0,0,0,0,0,0,0,0,0,0,0,0,0,0,0,0,0,0,0,0,101,289,98,640,712,771,844,43,343,984
0,0,0,0,0,0,0,0,0,0,0,0,0,0,0,0,0,0,0,0,0,0,0,0,0,0,0,0,0,0,0,18,429,502,276,839,173,884,800,237
0,0,0,0,0,0,0,0,0,0,0,0,0,0,0,0,0,0,0,0,0,0,0,0,0,0,0,0,0,0,0,0,488,109,239,364,674,760,229,533
0,0,0,0,0,0,0,0,0,0,0,0,0,0,0,0,0,0,0,0,0,0,0,0,0,0,0,0,0,0,0,0,0,404,359,943,5,31,165,325
0,0,0,0,0,0,0,0,0,0,0,0,0,0,0,0,0,0,0,0,0,0,0,0,0,0,0,0,0,0,0,0,0,0,799,490,224,807,961,526
0,0,0,0,0,0,0,0,0,0,0,0,0,0,0,0,0,0,0,0,0,0,0,0,0,0,0,0,0,0,0,0,0,0,0,988,345,291,679,229
0,0,0,0,0,0,0,0,0,0,0,0,0,0,0,0,0,0,0,0,0,0,0,0,0,0,0,0,0,0,0,0,0,0,0,0,321,703,88,301
0,0,0,0,0,0,0,0,0,0,0,0,0,0,0,0,0,0,0,0,0,0,0,0,0,0,0,0,0,0,0,0,0,0,0,0,0,292,920,995
0,0,0,0,0,0,0,0,0,0,0,0,0,0,0,0,0,0,0,0,0,0,0,0,0,0,0,0,0,0,0,0,0,0,0,0,0,0,233,906
0,0,0,0,0,0,0,0,0,0,0,0,0,0,0,0,0,0,0,0,0,0,0,0,0,0,0,0,0,0,0,0,0,0,0,0,0,0,0,417
0,0,0,0,0,0,0,0,0,0,0,0,0,0,0,0,0,0,0,0,0,0,0,0,0,0,0,0,0,0,0,0,0,0,0,0,0,0,0,0
