Number of physical machine types:
3
Resources for each physical machine type:
128,256
64,256
128,128
Available number for each physical machine type:
69
69
69
Activation cost for each physical machine type:
200
150
150
Number of micro-service types:
40
Required number for each micro-service type:
4
4
8
7
10
6
8
11
15
8
14
14
10
6
7
14
13
14
15
6
7
2
2
4
7
8
1
12
1
15
10
7
10
9
10
6
10
10
5
8
Resource requirements for each micro-service type:
25,34
33,47
23,74
28,55
16,36
13,32
32,54
30,50
22,37
17,46
37,37
21,69
22,76
28,77
13,35
14,76
29,30
34,55
36,35
31,66
25,68
25,66
19,67
17,66
20,51
15,28
29,52
31,75
22,31
24,44
27,76
31,41
28,71
24,68
14,60
37,28
28,28
22,56
30,45
37,71
Total invoking flow matrix:
0,432,166,525,785,954,761,679,555,959,624,118,832,689,578,172,802,80,662,841,921,505,548,44,275,381,377,633,147,395,906,544,917,159,289,684,938,395,919,584
0,0,732,676,540,310,314,268,319,404,898,884,63,258,116,614,959,382,385,7,297,74,73,22,859,115,569,473,61,752,334,206,492,591,993,146,202,369,440,92
0,0,0,450,885,617,472,956,827,310,892,62,995,437,152,385,685,245,600,787,655,433,753,206,881,136,877,859,655,376,517,63,60,621,864,263,987,902,55,422
0,0,0,0,572,190,542,940,73,61,434,690,172,166,351,514,748,951,243,932,698,624,263,931,463,493,506,800,768,166,787,989,455,564,718,611,470,404,441,946
0,0,0,0,0,151,761,164,354,676,151,696,831,498,581,623,953,153,5,769,299,438,592,160,302,883,969,670,497,114,51,959,933,164,960,617,402,440,623,931
0,0,0,0,0,0,554,661,161,349,599,290,808,458,367,565,432,533,958,279,347,466,970,643,367,440,16,45,75,133,540,73,298,77,69,56,668,206,298,146
0,0,0,0,0,0,0,168,835,87,820,169,376,357,371,319,677,701,864,7,428,799,668,503,149,793,130,74,111,547,387,517,676,853,80,260,66,207,784,480
0,0,0,0,0,0,0,0,531,268,264,487,732,859,36,106,290,854,937,980,750,627,355,59,617,138,182,34,734,548,609,562,386,824,792,81,599,159,923,940
0,0,0,0,0,0,0,0,0,353,227,540,214,84,70,369,214,616,616,214,403,731,496,231,233,177,685,701,86,654,458,633,24,131,318,97,746,925,163,785
0,0,0,0,0,0,0,0,0,0,416,472,285,908,483,308,657,467,912,421,632,812,9,141,18,209,176,441,724,456,946,245,315,736,682,269,346,923,546,203
0,0,0,0,0,0,0,0,0,0,0,326,711,346,813,57,953,631,884,430,644,320,728,264,817,126,450,657,417,609,923,163,630,237,513,373,633,100,412,628
0,0,0,0,0,0,0,0,0,0,0,0,363,687,886,638,365,763,45,349,913,145,871,80,957,278,464,982,143,712,72,136,687,149,402,23,881,293,329,216
0,0,0,0,0,0,0,0,0,0,0,0,0,466,185,814,853,359,585,841,955,713,804,361,234,691,606,584,33,760,247,121,944,148,113,909,511,138,711,23
0,0,0,0,0,0,0,0,0,0,0,0,0,0,801,168,934,59,102,964,560,339,893,991,316,290,833,364,11,155,10,872,937,594,818,862,199,142,628,651
0,0,0,0,0,0,0,0,0,0,0,0,0,0,0,142,395,518,527,266,35,195,830,208,783,144,758,104,190,59,282,596,760,20,901,895,539,869,469,536
0,0,0,0,0,0,0,0,0,0,0,0,0,0,0,0,223,240,887,691,422,710,384,730,874,775,995,937,592,996,906,847,347,852,550,718,660,575,889,136
0,0,0,0,0,0,0,0,0,0,0,0,0,0,0,0,0,829,248,823,472,702,14,295,427,660,274,722,962,926,516,526,409,723,828,311,226,27,873,457
0,0,0,0,0,0,0,0,0,0,0,0,0,0,0,0,0,0,317,360,655,372,146,670,700,60,512,960,321,628,710,93,378,574,39,742,576,186,938,986
0,0,0,0,0,0,0,0,0,0,0,0,0,0,0,0,0,0,0,401,996,298,809,989,860,337,724,384,879,672,417,663,901,19,554,877,878,458,643,273
0,0,0,0,0,0,0,0,0,0,0,0,0,0,0,0,0,0,0,0,112,975,997,167,636,566,313,150,534,316,774,753,578,251,673,869,95,762,39,665
0,0,0,0,0,0,0,0,0,0,0,0,0,0,0,0,0,0,0,0,0,902,929,204,538,671,26,177,657,315,959,867,175,707,366,600,802,780,827,401
0,0,0,0,0,0,0,0,0,0,0,0,0,0,0,0,0,0,0,0,0,0,973,418,618,763,941,353,950,237,500,965,754,237,864,223,825,930,984,170
0,0,0,0,0,0,0,0,0,0,0,0,0,0,0,0,0,0,0,0,0,0,0,639,813,456,612,100,856,199,48,661,804,145,848,157,968,841,994,859
0,0,0,0,0,0,0,0,0,0,0,0,0,0,0,0,0,0,0,0,0,0,0,0,439,112,265,915,235,935,343,10,243,796,593,637,362,568,455,963
0,0,0,0,0,0,0,0,0,0,0,0,0,0,0,0,0,0,0,0,0,0,0,0,0,878,697,495,556,911,491,42,375,448,34,383,225,697,964,153
0,0,0,0,0,0,0,0,0,0,0,0,0,0,0,0,0,0,0,0,0,0,0,0,0,0,270,642,920,171,612,534,652,182,677,530,465,120,588,689
0,0,0,0,0,0,0,0,0,0,0,0,0,0,0,0,0,0,0,0,0,0,0,0,0,0,0,486,826,209,913,379,773,946,12,654,730,258,804,697
0,0,0,0,0,0,0,0,0,0,0,0,0,0,0,0,0,0,0,0,0,0,0,0,0,0,0,0,685,138,860,359,473,793,578,790,105,285,63,183
0,0,0,0,0,0,0,0,0,0,0,0,0,0,0,0,0,0,0,0,0,0,0,0,0,0,0,0,0,75,386,743,22,470,664,265,258,534,172,590
0,0,0,0,0,0,0,0,0,0,0,0,0,0,0,0,0,0,0,0,0,0,0,0,0,0,0,0,0,0,993,539,952,864,855,421,842,324,917,555
0,0,0,0,0,0,0,0,0,0,0,0,0,0,0,0,0,0,0,0,0,0,0,0,0,0,0,0,0,0,0,681,8,397,421,72,489,423,913,323
0,0,0,0,0,0,0,0,0,0,0,0,0,0,0,0,0,0,0,0,0,0,0,0,0,0,0,0,0,0,0,0,840,137,676,752,10,80,482,616
0,0,0,0,0,0,0,0,0,0,0,0,0,0,0,0,0,0,0,0,0,0,0,0,0,0,0,0,0,0,0,0,0,250,944,929,307,236,375,559
0,0,0,0,0,0,0,0,0,0,0,0,0,0,0,0,0,0,0,0,0,0,0,0,0,0,0,0,0,0,0,0,0,0,620,835,572,552,433,360
0,0,0,0,0,0,0,0,0,0,0,0,0,0,0,0,0,0,0,0,0,0,0,0,0,0,0,0,0,0,0,0,0,0,0,193,87,563,924,221
0,0,0,0,0,0,0,0,0,0,0,0,0,0,0,0,0,0,0,0,0,0,0,0,0,0,0,0,0,0,0,0,0,0,0,0,86,825,197,769
0,0,0,0,0,0,0,0,0,0,0,0,0,0,0,0,0,0,0,0,0,0,0,0,0,0,0,0,0,0,0,0,0,0,0,0,0,782,117,857
0,0,0,0,0,0,0,0,0,0,0,0,0,0,0,0,0,0,0,0,0,0,0,0,0,0,0,0,0,0,0,0,0,0,0,0,0,0,983,86
0,0,0,0,0,0,0,0,0,0,0,0,0,0,0,0,0,0,0,0,0,0,0,0,0,0,0,0,0,0,0,0,0,0,0,0,0,0,0,873
0,0,0,0,0,0,0,0,0,0,0,0,0,0,0,0,0,0,0,0,0,0,0,0,0,0,0,0,0,0,0,0,0,0,0,0,0,0,0,0
