Number of physical machine types:
3
Resources for each physical machine type:
128,256
64,256
128,128
Available number for each physical machine type:
63
63
63
Activation cost for each physical machine type:
200
150
150
Number of micro-service types:
40
Required number for each micro-service type:
6
1
3
2
6
13
3
13
13
11
4
8
4
8
1
7
4
11
14
2
12
14
6
4
10
8
10
3
10
8
10
12
12
10
3
15
7
2
8
10
Resource requirements for each micro-service type:
23,70
23,76
36,67
32,64
38,56
27,34
29,47
21,45
18,31
35,35
38,51
36,34
14,34
19,59
14,67
34,33
20,52
18,38
15,27
37,65
32,57
26,38
31,76
19,62
21,68
15,58
33,73
38,26
30,72
19,35
25,65
21,70
38,59
22,57
18,33
16,72
14,53
17,60
38,29
15,47
Total invoking flow matrix:
0,960,786,14,987,870,693,852,964,80,233,146,939,631,887,758,513,747,21,682,219,848,101,475,340,560,464,536,218,878,824,680,866,458,559,170,742,457,708,868
0,0,889,459,235,933,514,287,878,20,371,165,553,432,866,331,907,608,94,563,794,64,244,677,109,271,815,559,833,188,818,436,766,377,41,108,551,424,715,422
0,0,0,656,252,883,744,229,544,365,669,950,918,379,685,593,719,487,497,432,438,196,628,530,223,547,977,967,31,56,938,20,313,224,885,9,400,720,761,544
0,0,0,0,664,336,360,309,679,427,753,122,60,734,206,606,375,575,727,552,901,792,392,193,269,715,55,619,568,996,936,340,744,891,584,177,868,484,418,921
0,0,0,0,0,741,287,349,96,121,144,840,507,41,936,678,349,72,381,991,830,620,314,21,374,332,821,493,31,911,325,86,482,56,407,992,757,942,748,673
0,0,0,0,0,0,722,734,365,626,378,342,749,12,790,318,742,766,290,397,710,966,612,807,448,429,392,469,583,148,500,273,878,121,574,528,442,376,221,769
0,0,0,0,0,0,0,715,56,549,650,356,936,469,293,949,583,626,699,381,4,504,309,691,561,666,338,652,535,652,812,775,68,596,61,98,142,885,100,273
0,0,0,0,0,0,0,0,677,461,903,78,803,131,363,997,978,730,593,140,480,611,667,799,515,638,842,693,611,271,396,116,26,860,378,416,913,250,87,651
0,0,0,0,0,0,0,0,0,462,685,945,628,212,462,290,196,764,0,314,203,827,413,569,280,956,762,968,556,32,23,102,171,120,401,732,671,892,544,10
0,0,0,0,0,0,0,0,0,0,486,667,918,218,949,96,867,587,867,909,616,524,193,695,683,102,571,307,842,651,966,473,7,885,323,679,771,951,310,447
0,0,0,0,0,0,0,0,0,0,0,105,348,707,809,96,522,704,204,399,119,869,904,752,553,936,483,33,338,642,333,419,46,430,837,895,721,531,856,666
0,0,0,0,0,0,0,0,0,0,0,0,807,650,999,118,131,919,450,673,129,87,452,265,61,921,848,567,255,926,535,221,124,621,626,494,646,257,778,584
0,0,0,0,0,0,0,0,0,0,0,0,0,836,14,206,223,325,138,777,390,858,23,471,206,349,443,693,556,238,698,411,237,710,378,558,254,166,315,657
0,0,0,0,0,0,0,0,0,0,0,0,0,0,846,739,564,129,166,600,57,293,976,22,413,576,217,915,860,182,916,892,586,645,406,18,185,271,799,223
0,0,0,0,0,0,0,0,0,0,0,0,0,0,0,100,481,441,784,30,269,199,786,928,154,542,311,790,225,902,260,801,634,660,744,829,648,70,821,277
0,0,0,0,0,0,0,0,0,0,0,0,0,0,0,0,744,501,990,355,865,998,353,419,627,364,19,826,951,797,715,284,566,347,799,621,730,57,550,621
0,0,0,0,0,0,0,0,0,0,0,0,0,0,0,0,0,502,356,492,542,708,293,21,579,688,62,805,805,706,167,278,641,397,395,65,551,370,483,822
0,0,0,0,0,0,0,0,0,0,0,0,0,0,0,0,0,0,925,914,341,81,337,624,419,653,290,937,439,598,198,15,936,714,52,352,744,520,905,613
0,0,0,0,0,0,0,0,0,0,0,0,0,0,0,0,0,0,0,484,997,412,500,813,473,119,290,754,7,640,345,491,790,221,571,723,640,328,177,673
0,0,0,0,0,0,0,0,0,0,0,0,0,0,0,0,0,0,0,0,186,748,477,853,775,452,37,826,395,781,308,409,535,104,122,187,317,244,706,985
0,0,0,0,0,0,0,0,0,0,0,0,0,0,0,0,0,0,0,0,0,68,440,10,728,10,193,524,679,427,207,442,136,64,483,359,679,202,207,381
0,0,0,0,0,0,0,0,0,0,0,0,0,0,0,0,0,0,0,0,0,0,942,137,80,862,769,978,817,222,499,324,272,551,674,414,923,838,42,753
0,0,0,0,0,0,0,0,0,0,0,0,0,0,0,0,0,0,0,0,0,0,0,981,768,814,823,308,448,619,925,554,985,256,166,138,262,71,225,564
0,0,0,0,0,0,0,0,0,0,0,0,0,0,0,0,0,0,0,0,0,0,0,0,542,976,196,335,414,731,496,658,797,159,668,548,807,612,464,412
0,0,0,0,0,0,0,0,0,0,0,0,0,0,0,0,0,0,0,0,0,0,0,0,0,15,360,204,73,185,260,208,577,371,433,354,550,346,651,842
0,0,0,0,0,0,0,0,0,0,0,0,0,0,0,0,0,0,0,0,0,0,0,0,0,0,837,90,249,916,110,660,600,11,240,553,698,178,318,976
0,0,0,0,0,0,0,0,0,0,0,0,0,0,0,0,0,0,0,0,0,0,0,0,0,0,0,33,883,67,982,53,959,78,606,419,547,895,817,737
0,0,0,0,0,0,0,0,0,0,0,0,0,0,0,0,0,0,0,0,0,0,0,0,0,0,0,0,858,262,390,443,906,391,245,735,298,570,900,393
0,0,0,0,0,0,0,0,0,0,0,0,0,0,0,0,0,0,0,0,0,0,0,0,0,0,0,0,0,633,291,258,422,944,997,939,91,182,316,729
0,0,0,0,0,0,0,0,0,0,0,0,0,0,0,0,0,0,0,0,0,0,0,0,0,0,0,0,0,0,120,570,166,327,493,356,567,900,569,49
0,0,0,0,0,0,0,0,0,0,0,0,0,0,0,0,0,0,0,0,0,0,0,0,0,0,0,0,0,0,0,277,645,699,529,79,853,825,666,551
0,0,0,0,0,0,0,0,0,0,0,0,0,0,0,0,0,0,0,0,0,0,0,0,0,0,0,0,0,0,0,0,245,629,688,193,167,208,842,11
0,0,0,0,0,0,0,0,0,0,0,0,0,0,0,0,0,0,0,0,0,0,0,0,0,0,0,0,0,0,0,0,0,622,63,310,229,44,238,555
0,0,0,0,0,0,0,0,0,0,0,0,0,0,0,0,0,0,0,0,0,0,0,0,0,0,0,0,0,0,0,0,0,0,389,427,577,485,638,346
0,0,0,0,0,0,0,0,0,0,0,0,0,0,0,0,0,0,0,0,0,0,0,0,0,0,0,0,0,0,0,0,0,0,0,51,501,564,733,83
0,0,0,0,0,0,0,0,0,0,0,0,0,0,0,0,0,0,0,0,0,0,0,0,0,0,0,0,0,0,0,0,0,0,0,0,620,873,335,76
0,0,0,0,0,0,0,0,0,0,0,0,0,0,0,0,0,0,0,0,0,0,0,0,0,0,0,0,0,0,0,0,0,0,0,0,0,997,929,519
0,0,0,0,0,0,0,0,0,0,0,0,0,0,0,0,0,0,0,0,0,0,0,0,0,0,0,0,0,0,0,0,0,0,0,0,0,0,126,531
0,0,0,0,0,0,0,0,0,0,0,0,0,0,0,0,0,0,0,0,0,0,0,0,0,0,0,0,0,0,0,0,0,0,0,0,0,0,0,402
0,0,0,0,0,0,0,0,0,0,0,0,0,0,0,0,0,0,0,0,0,0,0,0,0,0,0,0,0,0,0,0,0,0,0,0,0,0,0,0
