Number of physical machine types:
3
Resources for each physical machine type:
128,256
64,256
128,128
Available number for each physical machine type:
69
69
69
Activation cost for each physical machine type:
200
150
150
Number of micro-service types:
40
Required number for each micro-service type:
10
13
10
8
3
5
11
5
5
11
13
9
9
12
12
13
6
11
7
2
12
10
15
6
2
14
9
5
14
10
4
4
8
5
3
12
14
7
8
3
Resource requirements for each micro-service type:
16,57
19,46
17,37
16,54
32,64
14,64
23,30
32,58
21,53
34,30
33,37
36,60
20,63
19,47
24,42
23,75
33,31
32,76
34,26
25,69
30,70
23,66
37,40
22,57
38,53
32,62
29,50
30,76
31,68
37,38
22,59
25,30
28,43
33,63
31,44
35,67
33,51
19,41
31,45
34,69
Total invoking flow matrix:
0,269,253,455,774,697,954,223,547,19,3,768,125,338,29,866,592,95,816,418,938,770,868,401,775,48,964,528,665,718,425,995,867,800,315,186,6,243,233,453
0,0,691,347,876,802,136,625,983,566,583,452,91,361,158,559,534,524,435,973,511,602,40,448,698,454,291,418,367,260,487,229,121,416,849,921,891,542,103,565
0,0,0,99,669,310,210,397,521,499,545,451,929,545,775,185,395,258,436,196,220,342,719,168,467,637,105,518,825,968,347,754,519,733,743,402,373,466,338,31
0,0,0,0,315,277,524,580,677,607,100,448,691,962,369,933,339,577,702,142,959,165,917,986,832,306,442,548,684,467,820,236,243,101,277,187,840,896,380,25
0,0,0,0,0,368,880,209,126,598,57,952,588,803,287,125,503,843,264,927,595,520,65,133,978,27,505,85,491,360,654,319,646,151,507,28,991,501,337,472
0,0,0,0,0,0,715,237,445,841,297,912,874,444,53,372,722,178,875,811,553,429,733,616,684,692,99,743,331,991,567,825,212,527,398,491,860,429,129,291
0,0,0,0,0,0,0,132,471,800,813,842,332,918,392,731,216,577,310,874,850,148,926,407,174,828,411,316,302,383,505,582,730,573,52,394,382,555,591,957
0,0,0,0,0,0,0,0,101,343,125,171,463,955,171,360,289,856,30,74,830,343,531,163,27,640,27,997,131,29,121,697,616,209,345,8,830,522,601,407
0,0,0,0,0,0,0,0,0,736,594,488,649,649,219,128,358,276,190,841,503,28,404,578,125,346,555,382,424,306,585,548,543,818,278,766,518,541,53,102
0,0,0,0,0,0,0,0,0,0,686,526,786,327,835,35,332,409,118,182,19,898,933,631,32,654,399,822,394,350,471,179,526,221,305,718,141,939,344,950
0,0,0,0,0,0,0,0,0,0,0,843,224,244,861,481,679,874,915,10,637,17,745,100,543,497,372,577,915,583,828,681,346,420,505,415,699,822,127,388
0,0,0,0,0,0,0,0,0,0,0,0,528,818,146,512,20,130,886,707,536,631,526,765,938,792,328,768,509,908,462,167,351,463,889,271,79,226,49,374
0,0,0,0,0,0,0,0,0,0,0,0,0,231,405,242,536,246,782,963,335,426,93,422,291,801,440,677,710,602,835,835,465,836,864,338,44,368,972,360
0,0,0,0,0,0,0,0,0,0,0,0,0,0,485,147,783,274,288,682,966,410,864,86,979,311,624,824,903,727,134,344,263,516,843,302,324,960,480,695
0,0,0,0,0,0,0,0,0,0,0,0,0,0,0,415,548,755,936,988,213,96,420,49,383,592,456,665,850,726,913,473,371,474,577,552,93,827,522,23
0,0,0,0,0,0,0,0,0,0,0,0,0,0,0,0,70,967,54,295,920,363,570,821,86,39,501,282,305,229,967,857,900,521,445,21,235,878,69,614
0,0,0,0,0,0,0,0,0,0,0,0,0,0,0,0,0,50,191,806,51,537,886,98,392,67,1,178,839,250,49,184,600,388,177,808,238,339,258,260
0,0,0,0,0,0,0,0,0,0,0,0,0,0,0,0,0,0,283,214,994,455,12,113,524,932,538,141,563,627,397,251,335,917,242,522,445,233,144,558
0,0,0,0,0,0,0,0,0,0,0,0,0,0,0,0,0,0,0,784,482,767,575,670,768,115,322,206,625,612,900,532,119,571,408,147,658,316,915,957
0,0,0,0,0,0,0,0,0,0,0,0,0,0,0,0,0,0,0,0,273,363,719,893,602,986,125,527,242,390,334,335,725,572,487,927,919,451,8,705
0,0,0,0,0,0,0,0,0,0,0,0,0,0,0,0,0,0,0,0,0,754,581,399,650,824,924,744,323,936,581,597,855,755,819,592,349,339,17,95
0,0,0,0,0,0,0,0,0,0,0,0,0,0,0,0,0,0,0,0,0,0,73,256,104,341,947,632,50,684,242,373,444,793,693,285,648,416,685,458
0,0,0,0,0,0,0,0,0,0,0,0,0,0,0,0,0,0,0,0,0,0,0,186,630,800,680,670,640,886,625,570,918,753,947,234,455,710,295,876
0,0,0,0,0,0,0,0,0,0,0,0,0,0,0,0,0,0,0,0,0,0,0,0,897,869,385,401,433,747,130,601,624,920,35,149,986,420,645,650
0,0,0,0,0,0,0,0,0,0,0,0,0,0,0,0,0,0,0,0,0,0,0,0,0,738,237,754,286,464,585,82,150,377,877,369,901,436,639,844
0,0,0,0,0,0,0,0,0,0,0,0,0,0,0,0,0,0,0,0,0,0,0,0,0,0,128,203,861,856,676,222,333,558,979,341,593,976,596,760
0,0,0,0,0,0,0,0,0,0,0,0,0,0,0,0,0,0,0,0,0,0,0,0,0,0,0,840,417,720,786,384,48,789,169,863,240,944,554,680
0,0,0,0,0,0,0,0,0,0,0,0,0,0,0,0,0,0,0,0,0,0,0,0,0,0,0,0,839,306,496,246,893,210,889,834,973,502,473,936
0,0,0,0,0,0,0,0,0,0,0,0,0,0,0,0,0,0,0,0,0,0,0,0,0,0,0,0,0,103,613,40,570,490,949,918,806,393,220,517
0,0,0,0,0,0,0,0,0,0,0,0,0,0,0,0,0,0,0,0,0,0,0,0,0,0,0,0,0,0,697,126,616,795,533,967,910,103,803,524
0,0,0,0,0,0,0,0,0,0,0,0,0,0,0,0,0,0,0,0,0,0,0,0,0,0,0,0,0,0,0,955,474,676,604,690,479,363,802,997
0,0,0,0,0,0,0,0,0,0,0,0,0,0,0,0,0,0,0,0,0,0,0,0,0,0,0,0,0,0,0,0,338,400,405,338,123,893,744,54
0,0,0,0,0,0,0,0,0,0,0,0,0,0,0,0,0,0,0,0,0,0,0,0,0,0,0,0,0,0,0,0,0,342,990,539,758,279,173,236
0,0,0,0,0,0,0,0,0,0,0,0,0,0,0,0,0,0,0,0,0,0,0,0,0,0,0,0,0,0,0,0,0,0,538,898,382,331,660,170
0,0,0,0,0,0,0,0,0,0,0,0,0,0,0,0,0,0,0,0,0,0,0,0,0,0,0,0,0,0,0,0,0,0,0,451,701,194,104,204
0,0,0,0,0,0,0,0,0,0,0,0,0,0,0,0,0,0,0,0,0,0,0,0,0,0,0,0,0,0,0,0,0,0,0,0,106,774,566,749
0,0,0,0,0,0,0,0,0,0,0,0,0,0,0,0,0,0,0,0,0,0,0,0,0,0,0,0,0,0,0,0,0,0,0,0,0,249,13,796
0,0,0,0,0,0,0,0,0,0,0,0,0,0,0,0,0,0,0,0,0,0,0,0,0,0,0,0,0,0,0,0,0,0,0,0,0,0,609,896
0,0,0,0,0,0,0,0,0,0,0,0,0,0,0,0,0,0,0,0,0,0,0,0,0,0,0,0,0,0,0,0,0,0,0,0,0,0,0,218
0,0,0,0,0,0,0,0,0,0,0,0,0,0,0,0,0,0,0,0,0,0,0,0,0,0,0,0,0,0,0,0,0,0,0,0,0,0,0,0
