Number of physical machine types:
3
Resources for each physical machine type:
128,256
64,256
128,128
Available number for each physical machine type:
70
70
70
Activation cost for each physical machine type:
200
150
150
Number of micro-service types:
40
Required number for each micro-service type:
6
13
12
8
11
1
9
15
13
8
6
7
12
6
13
10
13
8
12
2
8
15
14
13
5
8
1
11
5
3
2
8
7
11
12
6
2
13
4
9
Resource requirements for each micro-service type:
15,60
33,28
20,67
30,34
19,48
30,36
29,49
33,26
25,66
22,59
25,37
19,73
33,56
21,45
29,63
38,58
23,28
18,55
21,64
18,56
17,69
26,42
35,33
38,33
35,63
28,55
24,56
21,40
24,70
18,39
29,34
24,42
22,67
37,75
16,72
38,56
27,62
25,70
31,41
22,51
Total invoking flow matrix:
0,610,798,625,441,999,258,650,351,866,647,95,645,690,883,79,818,8,237,525,402,848,41,851,169,508,416,287,376,139,693,950,686,336,400,812,554,289,218,82
0,0,953,309,332,871,800,287,622,749,845,592,224,228,806,459,654,578,592,923,148,598,206,665,607,257,492,547,640,919,952,302,973,805,637,66,334,829,536,392
0,0,0,101,129,472,436,25,119,313,300,192,826,692,36,458,978,988,417,512,805,741,480,755,344,200,292,887,501,185,289,356,50,190,285,847,457,358,512,504
0,0,0,0,99,729,574,238,37,487,722,413,626,673,677,270,391,983,354,298,250,113,734,75,513,135,457,877,576,569,607,740,128,186,982,750,198,730,331,444
0,0,0,0,0,653,600,728,800,40,694,182,530,523,457,727,873,400,298,910,570,587,693,485,484,350,257,377,855,276,608,12,120,754,716,831,748,280,846,669
0,0,0,0,0,0,738,108,197,557,971,114,342,871,603,819,433,244,168,697,874,559,780,197,70,728,87,196,691,938,224,918,610,660,809,787,809,543,898,87
0,0,0,0,0,0,0,843,153,915,530,511,202,6,651,715,725,322,834,831,487,616,63,647,96,503,167,27,346,708,700,438,492,381,659,595,723,436,146,888
0,0,0,0,0,0,0,0,353,343,671,776,584,646,559,238,847,663,352,848,32,841,521,547,328,408,649,307,483,922,571,265,670,876,830,277,634,875,763,278
0,0,0,0,0,0,0,0,0,121,521,799,614,953,499,898,902,440,466,443,698,781,648,976,859,484,172,399,991,473,726,121,584,787,292,746,279,432,834,861
0,0,0,0,0,0,0,0,0,0,425,888,212,535,690,775,200,882,585,3,53,103,100,924,147,150,126,447,921,432,934,723,253,906,935,310,76,186,327,702
0,0,0,0,0,0,0,0,0,0,0,767,188,181,441,137,926,689,315,1000,489,414,820,965,837,886,587,746,995,714,937,9,767,90,628,770,861,501,548,463
0,0,0,0,0,0,0,0,0,0,0,0,746,807,985,131,326,128,313,347,417,874,760,454,198,703,89,87,985,92,985,306,195,301,837,791,430,437,512,771
0,0,0,0,0,0,0,0,0,0,0,0,0,555,250,253,230,661,440,254,823,899,394,805,174,527,575,902,238,453,612,832,548,855,982,201,331,505,482,241
0,0,0,0,0,0,0,0,0,0,0,0,0,0,585,969,596,429,393,600,459,782,280,718,773,1,963,105,738,88,902,263,346,455,960,334,288,998,894,184
0,0,0,0,0,0,0,0,0,0,0,0,0,0,0,21,110,516,925,907,554,694,726,868,619,250,703,423,269,481,401,174,348,877,654,132,732,287,272,930
0,0,0,0,0,0,0,0,0,0,0,0,0,0,0,0,419,704,624,190,292,619,131,332,214,223,446,582,896,514,964,470,909,815,809,305,55,326,207,371
0,0,0,0,0,0,0,0,0,0,0,0,0,0,0,0,0,958,715,275,50,202,295,527,999,169,820,767,718,932,837,570,321,881,821,678,532,303,372,538
0,0,0,0,0,0,0,0,0,0,0,0,0,0,0,0,0,0,991,180,277,989,404,913,848,106,64,75,267,368,101,368,152,916,868,452,576,938,586,835
0,0,0,0,0,0,0,0,0,0,0,0,0,0,0,0,0,0,0,815,849,928,50,555,776,341,411,218,585,438,439,672,483,9,662,480,608,304,32,947
0,0,0,0,0,0,0,0,0,0,0,0,0,0,0,0,0,0,0,0,843,289,790,367,706,2,541,457,141,408,531,413,750,932,474,887,961,671,927,622
0,0,0,0,0,0,0,0,0,0,0,0,0,0,0,0,0,0,0,0,0,73,575,146,729,526,955,935,665,115,430,22,924,144,79,353,84,39,556,375
0,0,0,0,0,0,0,0,0,0,0,0,0,0,0,0,0,0,0,0,0,0,885,434,532,89,25,115,562,476,299,1000,569,72,68,912,951,510,876,866
0,0,0,0,0,0,0,0,0,0,0,0,0,0,0,0,0,0,0,0,0,0,0,308,260,566,696,686,725,357,896,143,747,119,356,856,668,668,282,955
0,0,0,0,0,0,0,0,0,0,0,0,0,0,0,0,0,0,0,0,0,0,0,0,981,763,327,558,867,784,230,564,70,976,983,672,902,983,751,162
0,0,0,0,0,0,0,0,0,0,0,0,0,0,0,0,0,0,0,0,0,0,0,0,0,807,61,741,883,395,20,146,495,145,305,449,260,999,423,829
0,0,0,0,0,0,0,0,0,0,0,0,0,0,0,0,0,0,0,0,0,0,0,0,0,0,27,659,772,278,953,721,8,168,172,8,961,836,108,612
0,0,0,0,0,0,0,0,0,0,0,0,0,0,0,0,0,0,0,0,0,0,0,0,0,0,0,195,306,10,741,926,635,497,223,393,493,814,87,317
0,0,0,0,0,0,0,0,0,0,0,0,0,0,0,0,0,0,0,0,0,0,0,0,0,0,0,0,394,145,615,411,738,298,623,355,737,477,643,215
0,0,0,0,0,0,0,0,0,0,0,0,0,0,0,0,0,0,0,0,0,0,0,0,0,0,0,0,0,62,834,50,497,300,406,755,233,975,359,300
0,0,0,0,0,0,0,0,0,0,0,0,0,0,0,0,0,0,0,0,0,0,0,0,0,0,0,0,0,0,231,175,778,619,310,769,836,722,544,60
0,0,0,0,0,0,0,0,0,0,0,0,0,0,0,0,0,0,0,0,0,0,0,0,0,0,0,0,0,0,0,841,307,412,889,246,174,539,582,456
0,0,0,0,0,0,0,0,0,0,0,0,0,0,0,0,0,0,0,0,0,0,0,0,0,0,0,0,0,0,0,0,255,352,338,253,668,811,670,62
0,0,0,0,0,0,0,0,0,0,0,0,0,0,0,0,0,0,0,0,0,0,0,0,0,0,0,0,0,0,0,0,0,500,501,98,184,84,604,87
0,0,0,0,0,0,0,0,0,0,0,0,0,0,0,0,0,0,0,0,0,0,0,0,0,0,0,0,0,0,0,0,0,0,268,412,429,955,812,150
0,0,0,0,0,0,0,0,0,0,0,0,0,0,0,0,0,0,0,0,0,0,0,0,0,0,0,0,0,0,0,0,0,0,0,713,748,566,729,145
0,0,0,0,0,0,0,0,0,0,0,0,0,0,0,0,0,0,0,0,0,0,0,0,0,0,0,0,0,0,0,0,0,0,0,0,131,985,26,658
0,0,0,0,0,0,0,0,0,0,0,0,0,0,0,0,0,0,0,0,0,0,0,0,0,0,0,0,0,0,0,0,0,0,0,0,0,824,456,801
0,0,0,0,0,0,0,0,0,0,0,0,0,0,0,0,0,0,0,0,0,0,0,0,0,0,0,0,0,0,0,0,0,0,0,0,0,0,128,228
0,0,0,0,0,0,0,0,0,0,0,0,0,0,0,0,0,0,0,0,0,0,0,0,0,0,0,0,0,0,0,0,0,0,0,0,0,0,0,108
0,0,0,0,0,0,0,0,0,0,0,0,0,0,0,0,0,0,0,0,0,0,0,0,0,0,0,0,0,0,0,0,0,0,0,0,0,0,0,0
