Number of physical machine types:
3
Resources for each physical machine type:
128,256
64,256
128,128
Available number for each physical machine type:
67
67
67
Activation cost for each physical machine type:
200
150
150
Number of micro-service types:
40
Required number for each micro-service type:
9
2
11
10
4
10
9
9
14
5
7
2
7
2
9
3
12
7
11
1
12
15
13
5
11
7
4
9
11
9
3
10
14
5
10
12
3
3
13
13
Resource requirements for each micro-service type:
28,53
15,59
35,66
22,69
32,47
20,45
37,46
26,72
35,72
32,67
27,45
22,33
32,60
21,57
27,26
36,58
19,29
14,50
19,34
23,53
17,55
38,33
37,74
19,61
22,38
20,51
16,31
27,42
35,45
33,51
37,76
25,44
29,75
14,64
27,34
32,37
14,36
33,53
26,58
28,76
Total invoking flow matrix:
0,213,562,52,170,226,105,139,153,856,165,418,691,619,474,207,241,781,204,450,595,450,39,176,805,412,981,666,252,43,41,107,433,111,875,543,228,988,137,180
0,0,893,603,683,394,457,141,450,450,943,666,642,547,649,388,955,605,109,356,542,707,533,826,127,930,690,299,116,806,243,1,324,757,23,304,383,657,499,759
0,0,0,791,841,230,360,477,217,90,680,209,891,201,683,966,880,830,348,871,746,821,846,576,706,632,608,587,642,536,135,675,858,85,661,279,236,785,907,10
0,0,0,0,679,7,64,431,609,68,332,848,263,779,135,4,149,649,418,474,727,400,199,932,281,415,877,983,802,104,816,164,308,737,278,192,294,646,480,738
0,0,0,0,0,333,28,633,499,699,640,327,478,887,363,100,938,944,87,74,666,790,654,210,10,256,881,921,650,870,479,716,124,292,933,891,696,225,193,178
0,0,0,0,0,0,227,392,182,177,402,80,566,823,290,6,613,375,186,9,710,587,374,41,452,956,974,126,636,206,961,351,876,52,450,816,327,539,460,804
0,0,0,0,0,0,0,69,515,313,723,81,956,418,804,59,65,765,757,924,125,616,745,690,771,378,64,959,579,623,329,415,903,878,15,452,252,456,224,295
0,0,0,0,0,0,0,0,264,661,904,576,115,663,415,494,962,574,643,159,592,894,742,578,646,386,772,629,253,208,852,574,259,309,573,901,793,86,644,733
0,0,0,0,0,0,0,0,0,750,947,218,875,7,888,174,743,372,367,862,515,2,608,709,676,721,21,164,530,420,295,557,262,316,359,847,712,625,6,915
0,0,0,0,0,0,0,0,0,0,213,430,363,448,602,742,705,318,271,10,135,24,330,131,963,589,994,543,760,633,466,290,234,204,694,858,599,266,771,767
0,0,0,0,0,0,0,0,0,0,0,620,484,433,944,344,754,23,718,764,118,77,311,113,945,48,245,539,415,432,79,572,881,432,833,479,377,277,907,6
0,0,0,0,0,0,0,0,0,0,0,0,658,728,524,79,395,871,85,878,122,892,478,392,12,555,324,265,445,201,900,455,9,574,167,311,912,283,453,78
0,0,0,0,0,0,0,0,0,0,0,0,0,999,868,789,150,685,958,99,442,179,32,180,402,867,218,688,200,496,569,611,567,288,251,537,883,536,992,790
0,0,0,0,0,0,0,0,0,0,0,0,0,0,684,100,35,406,938,700,375,26,24,259,415,91,778,761,40,849,724,465,611,829,556,176,234,992,2,606
0,0,0,0,0,0,0,0,0,0,0,0,0,0,0,693,993,956,814,788,935,759,23,11,334,401,264,835,242,429,345,669,575,969,426,574,889,263,920,890
0,0,0,0,0,0,0,0,0,0,0,0,0,0,0,0,971,650,942,791,276,96,456,889,301,624,712,85,89,260,394,7,416,297,918,253,844,705,466,523
0,0,0,0,0,0,0,0,0,0,0,0,0,0,0,0,0,665,785,917,134,190,777,362,703,93,884,84,520,504,591,866,682,339,300,381,390,489,679,302
0,0,0,0,0,0,0,0,0,0,0,0,0,0,0,0,0,0,122,62,615,506,135,780,716,319,536,233,106,93,862,401,50,114,23,192,156,25,872,768
0,0,0,0,0,0,0,0,0,0,0,0,0,0,0,0,0,0,0,251,461,713,867,518,78,860,155,459,938,537,150,439,113,866,991,738,808,674,971,482
0,0,0,0,0,0,0,0,0,0,0,0,0,0,0,0,0,0,0,0,909,189,5,262,14,350,815,893,175,918,434,196,172,167,432,986,701,505,844,236
0,0,0,0,0,0,0,0,0,0,0,0,0,0,0,0,0,0,0,0,0,48,8,239,167,955,721,171,488,63,134,691,933,862,109,770,232,377,286,344
0,0,0,0,0,0,0,0,0,0,0,0,0,0,0,0,0,0,0,0,0,0,274,37,716,563,416,353,4,159,972,411,679,568,442,990,917,50,724,210
0,0,0,0,0,0,0,0,0,0,0,0,0,0,0,0,0,0,0,0,0,0,0,505,278,366,927,895,950,681,837,35,752,531,969,61,994,717,830,42
0,0,0,0,0,0,0,0,0,0,0,0,0,0,0,0,0,0,0,0,0,0,0,0,243,604,378,749,355,898,599,980,898,405,732,214,110,976,391,735
0,0,0,0,0,0,0,0,0,0,0,0,0,0,0,0,0,0,0,0,0,0,0,0,0,840,603,379,803,634,920,410,319,275,419,207,725,136,180,513
0,0,0,0,0,0,0,0,0,0,0,0,0,0,0,0,0,0,0,0,0,0,0,0,0,0,859,633,670,998,773,645,438,732,634,315,702,276,787,757
0,0,0,0,0,0,0,0,0,0,0,0,0,0,0,0,0,0,0,0,0,0,0,0,0,0,0,403,321,126,433,100,974,134,802,377,247,660,710,10
0,0,0,0,0,0,0,0,0,0,0,0,0,0,0,0,0,0,0,0,0,0,0,0,0,0,0,0,926,550,472,352,745,596,452,509,558,235,701,212
0,0,0,0,0,0,0,0,0,0,0,0,0,0,0,0,0,0,0,0,0,0,0,0,0,0,0,0,0,282,283,504,352,493,690,169,150,692,826,734
0,0,0,0,0,0,0,0,0,0,0,0,0,0,0,0,0,0,0,0,0,0,0,0,0,0,0,0,0,0,171,584,582,362,351,564,125,578,65,638
0,0,0,0,0,0,0,0,0,0,0,0,0,0,0,0,0,0,0,0,0,0,0,0,0,0,0,0,0,0,0,945,103,798,406,20,192,372,774,226
0,0,0,0,0,0,0,0,0,0,0,0,0,0,0,0,0,0,0,0,0,0,0,0,0,0,0,0,0,0,0,0,188,767,10,448,814,46,707,95
0,0,0,0,0,0,0,0,0,0,0,0,0,0,0,0,0,0,0,0,0,0,0,0,0,0,0,0,0,0,0,0,0,408,809,196,59,733,762,738
0,0,0,0,0,0,0,0,0,0,0,0,0,0,0,0,0,0,0,0,0,0,0,0,0,0,0,0,0,0,0,0,0,0,475,986,68,913,224,353
0,0,0,0,0,0,0,0,0,0,0,0,0,0,0,0,0,0,0,0,0,0,0,0,0,0,0,0,0,0,0,0,0,0,0,219,107,896,11,898
0,0,0,0,0,0,0,0,0,0,0,0,0,0,0,0,0,0,0,0,0,0,0,0,0,0,0,0,0,0,0,0,0,0,0,0,27,698,43,550
0,0,0,0,0,0,0,0,0,0,0,0,0,0,0,0,0,0,0,0,0,0,0,0,0,0,0,0,0,0,0,0,0,0,0,0,0,286,131,157
0,0,0,0,0,0,0,0,0,0,0,0,0,0,0,0,0,0,0,0,0,0,0,0,0,0,0,0,0,0,0,0,0,0,0,0,0,0,25,675
0,0,0,0,0,0,0,0,0,0,0,0,0,0,0,0,0,0,0,0,0,0,0,0,0,0,0,0,0,0,0,0,0,0,0,0,0,0,0,403
0,0,0,0,0,0,0,0,0,0,0,0,0,0,0,0,0,0,0,0,0,0,0,0,0,0,0,0,0,0,0,0,0,0,0,0,0,0,0,0
