Number of physical machine types:
3
Resources for each physical machine type:
128,256
64,256
128,128
Available number for each physical machine type:
67
67
67
Activation cost for each physical machine type:
200
150
150
Number of micro-service types:
40
Required number for each micro-service type:
14
10
2
2
4
15
1
15
15
9
5
13
10
12
4
10
7
7
1
4
10
7
11
10
5
3
14
10
10
4
11
4
7
3
6
9
14
13
5
13
Resource requirements for each micro-service type:
29,34
20,33
28,56
13,71
25,39
21,32
36,75
26,34
19,43
18,35
37,43
32,63
19,56
20,39
24,64
22,54
21,29
19,72
13,48
19,53
32,38
35,69
29,66
37,73
37,39
36,65
24,72
22,48
22,49
33,74
33,43
20,51
33,66
38,44
35,45
16,33
30,40
31,49
24,57
15,51
Total invoking flow matrix:
0,63,156,165,627,424,839,601,974,827,456,566,389,518,181,532,883,200,310,640,936,684,347,80,503,948,956,410,376,202,921,626,527,54,926,589,913,378,205,569
0,0,960,929,438,361,365,255,19,558,261,59,437,362,232,362,917,366,596,384,16,634,678,990,139,261,604,436,889,582,684,328,654,309,25,873,35,340,118,769
0,0,0,376,911,890,800,328,401,640,425,267,966,706,444,186,793,730,415,595,472,608,721,92,395,18,704,783,768,484,155,431,377,68,498,905,798,515,41,938
0,0,0,0,688,860,908,708,428,906,600,149,906,245,661,109,352,358,169,650,10,70,908,642,259,440,74,849,45,731,126,154,863,337,465,694,626,172,495,298
0,0,0,0,0,780,347,524,727,899,831,201,282,812,931,298,929,315,819,377,605,377,361,848,30,859,256,783,168,195,276,632,29,636,166,881,222,590,781,996
0,0,0,0,0,0,397,828,602,225,40,170,898,139,538,606,239,367,994,649,943,207,334,646,691,993,147,396,185,981,221,37,340,203,621,625,759,938,246,871
0,0,0,0,0,0,0,279,136,872,372,697,521,652,225,444,952,26,256,850,345,50,220,301,538,512,125,154,28,464,282,265,675,770,551,169,60,261,903,241
0,0,0,0,0,0,0,0,32,499,821,230,641,328,254,513,503,649,389,409,789,277,219,890,321,220,619,244,744,390,663,749,283,82,841,742,708,555,122,271
0,0,0,0,0,0,0,0,0,332,940,331,655,674,103,760,151,48,768,517,889,1,216,530,403,210,477,75,357,714,135,855,227,796,644,103,537,404,282,485
0,0,0,0,0,0,0,0,0,0,767,514,407,133,40,261,952,349,144,312,881,496,519,924,639,785,493,494,580,861,544,793,735,350,168,851,910,686,609,21
0,0,0,0,0,0,0,0,0,0,0,901,42,546,492,600,933,143,425,428,747,500,934,691,276,899,321,139,639,186,632,811,303,482,117,492,335,466,738,372
0,0,0,0,0,0,0,0,0,0,0,0,282,515,128,235,607,916,13,630,347,610,554,971,448,752,801,909,9,576,995,992,801,115,903,412,827,648,708,378
0,0,0,0,0,0,0,0,0,0,0,0,0,871,654,873,408,33,238,510,273,597,767,623,303,885,263,608,893,79,73,99,268,296,850,470,367,775,978,304
0,0,0,0,0,0,0,0,0,0,0,0,0,0,369,474,269,821,519,258,929,690,650,554,532,623,158,767,758,309,480,981,200,343,860,511,88,920,769,184
0,0,0,0,0,0,0,0,0,0,0,0,0,0,0,554,538,803,615,173,302,560,682,219,222,771,168,993,982,688,993,49,620,371,883,202,717,955,811,515
0,0,0,0,0,0,0,0,0,0,0,0,0,0,0,0,411,911,148,488,264,205,388,688,320,617,57,300,447,935,220,247,912,530,636,805,572,27,58,14
0,0,0,0,0,0,0,0,0,0,0,0,0,0,0,0,0,958,54,545,706,534,733,634,619,490,315,969,330,302,625,147,228,505,244,684,561,914,532,711
0,0,0,0,0,0,0,0,0,0,0,0,0,0,0,0,0,0,661,29,491,944,113,22,325,678,503,267,244,58,418,735,311,897,339,62,937,267,798,692
0,0,0,0,0,0,0,0,0,0,0,0,0,0,0,0,0,0,0,951,831,661,757,417,149,731,652,79,319,376,343,334,592,357,599,605,896,584,27,279
0,0,0,0,0,0,0,0,0,0,0,0,0,0,0,0,0,0,0,0,414,718,300,202,415,548,843,67,381,521,56,763,454,131,610,532,981,226,181,320
0,0,0,0,0,0,0,0,0,0,0,0,0,0,0,0,0,0,0,0,0,606,922,498,500,611,979,574,472,820,525,792,191,575,84,199,119,881,419,129
0,0,0,0,0,0,0,0,0,0,0,0,0,0,0,0,0,0,0,0,0,0,686,860,333,687,435,466,72,693,933,33,744,945,16,792,901,400,457,579
0,0,0,0,0,0,0,0,0,0,0,0,0,0,0,0,0,0,0,0,0,0,0,177,189,98,949,315,222,544,764,568,763,54,720,982,198,986,158,515
0,0,0,0,0,0,0,0,0,0,0,0,0,0,0,0,0,0,0,0,0,0,0,0,264,541,822,295,221,154,188,254,731,636,98,814,644,715,288,360
0,0,0,0,0,0,0,0,0,0,0,0,0,0,0,0,0,0,0,0,0,0,0,0,0,125,606,228,201,556,431,326,568,1000,46,842,35,233,38,284
0,0,0,0,0,0,0,0,0,0,0,0,0,0,0,0,0,0,0,0,0,0,0,0,0,0,323,674,586,9,832,595,530,785,124,675,708,851,974,826
0,0,0,0,0,0,0,0,0,0,0,0,0,0,0,0,0,0,0,0,0,0,0,0,0,0,0,361,20,717,834,560,765,131,829,809,239,270,399,11
0,0,0,0,0,0,0,0,0,0,0,0,0,0,0,0,0,0,0,0,0,0,0,0,0,0,0,0,592,242,90,948,28,457,687,279,580,846,432,412
0,0,0,0,0,0,0,0,0,0,0,0,0,0,0,0,0,0,0,0,0,0,0,0,0,0,0,0,0,451,831,311,422,523,919,52,823,640,239,506
0,0,0,0,0,0,0,0,0,0,0,0,0,0,0,0,0,0,0,0,0,0,0,0,0,0,0,0,0,0,333,41,954,649,302,959,44,42,82,154
0,0,0,0,0,0,0,0,0,0,0,0,0,0,0,0,0,0,0,0,0,0,0,0,0,0,0,0,0,0,0,191,930,506,197,946,112,715,194,245
0,0,0,0,0,0,0,0,0,0,0,0,0,0,0,0,0,0,0,0,0,0,0,0,0,0,0,0,0,0,0,0,861,648,794,641,450,95,454,927
0,0,0,0,0,0,0,0,0,0,0,0,0,0,0,0,0,0,0,0,0,0,0,0,0,0,0,0,0,0,0,0,0,452,964,82,682,553,965,673
0,0,0,0,0,0,0,0,0,0,0,0,0,0,0,0,0,0,0,0,0,0,0,0,0,0,0,0,0,0,0,0,0,0,492,620,391,21,42,542
0,0,0,0,0,0,0,0,0,0,0,0,0,0,0,0,0,0,0,0,0,0,0,0,0,0,0,0,0,0,0,0,0,0,0,227,582,966,771,938
0,0,0,0,0,0,0,0,0,0,0,0,0,0,0,0,0,0,0,0,0,0,0,0,0,0,0,0,0,0,0,0,0,0,0,0,716,162,715,593
0,0,0,0,0,0,0,0,0,0,0,0,0,0,0,0,0,0,0,0,0,0,0,0,0,0,0,0,0,0,0,0,0,0,0,0,0,215,647,209
0,0,0,0,0,0,0,0,0,0,0,0,0,0,0,0,0,0,0,0,0,0,0,0,0,0,0,0,0,0,0,0,0,0,0,0,0,0,560,654
0,0,0,0,0,0,0,0,0,0,0,0,0,0,0,0,0,0,0,0,0,0,0,0,0,0,0,0,0,0,0,0,0,0,0,0,0,0,0,748
0,0,0,0,0,0,0,0,0,0,0,0,0,0,0,0,0,0,0,0,0,0,0,0,0,0,0,0,0,0,0,0,0,0,0,0,0,0,0,0
