Number of physical machine types:
3
Resources for each physical machine type:
128,256
64,256
128,128
Available number for each physical machine type:
65
65
65
Activation cost for each physical machine type:
200
150
150
Number of micro-service types:
40
Required number for each micro-service type:
4
4
10
2
12
5
11
8
3
6
8
2
8
6
6
13
13
9
7
14
14
13
13
1
13
12
9
7
5
7
5
11
1
6
2
7
11
9
10
13
Resource requirements for each micro-service type:
30,74
14,64
22,47
23,76
19,43
27,27
29,55
29,36
28,76
20,68
20,72
36,27
21,31
37,37
21,74
27,42
24,58
30,51
33,40
25,60
22,64
24,53
36,74
24,41
37,46
25,48
15,61
18,64
19,68
18,39
29,75
27,69
21,62
30,43
29,53
32,51
16,56
38,31
34,42
21,68
Total invoking flow matrix:
0,411,572,318,843,534,711,661,196,218,967,349,199,243,690,771,542,476,461,108,583,236,457,117,735,538,978,253,88,280,632,703,32,107,91,689,377,682,924,628
0,0,703,945,566,638,444,724,224,479,575,913,717,968,913,443,629,8,202,533,491,741,767,180,480,916,264,873,351,44,440,878,294,644,579,867,388,963,705,332
0,0,0,29,537,449,744,104,915,728,424,749,113,958,941,861,58,40,484,547,162,559,847,694,156,78,49,259,996,308,363,973,809,298,686,243,987,112,346,282
0,0,0,0,226,999,39,293,604,577,459,322,675,777,662,1,976,557,678,686,429,728,525,773,237,19,63,948,450,674,649,444,461,526,14,477,525,413,447,862
0,0,0,0,0,321,503,254,769,47,632,531,394,342,738,314,523,512,167,585,690,547,411,430,323,802,413,776,678,414,501,755,338,58,25,948,526,741,119,613
0,0,0,0,0,0,427,352,158,235,240,415,924,230,430,931,32,789,270,787,621,0,648,948,427,572,985,464,748,989,687,297,483,316,114,166,873,990,540,766
0,0,0,0,0,0,0,815,680,436,300,796,876,48,300,303,382,319,929,843,488,593,817,708,966,14,328,980,899,714,376,361,964,56,469,741,935,961,621,462
0,0,0,0,0,0,0,0,120,996,1000,428,372,622,819,196,309,176,800,958,349,199,431,226,894,685,500,223,142,903,357,344,996,803,371,101,253,151,383,485
0,0,0,0,0,0,0,0,0,194,42,760,796,428,564,292,309,599,327,504,710,207,14,156,722,915,708,516,936,545,895,503,265,119,634,307,849,69,868,987
0,0,0,0,0,0,0,0,0,0,33,738,575,136,846,208,329,112,88,7,756,730,316,363,75,424,386,17,78,80,641,354,718,739,925,135,869,499,216,749
0,0,0,0,0,0,0,0,0,0,0,627,47,841,869,42,428,943,178,295,685,808,213,646,719,189,710,454,744,195,743,635,828,936,448,812,716,84,531,945
0,0,0,0,0,0,0,0,0,0,0,0,60,171,126,583,879,440,46,141,78,682,529,907,20,719,372,400,270,927,545,714,963,27,756,680,915,752,396,133
0,0,0,0,0,0,0,0,0,0,0,0,0,812,157,336,585,846,972,686,938,144,73,457,544,65,394,832,445,938,222,76,810,509,505,375,439,739,636,261
0,0,0,0,0,0,0,0,0,0,0,0,0,0,495,853,55,943,93,424,376,567,790,507,559,987,659,997,923,450,874,807,183,619,757,31,514,177,886,447
0,0,0,0,0,0,0,0,0,0,0,0,0,0,0,319,474,440,189,809,162,124,155,719,665,444,901,440,636,404,77,425,841,757,962,737,618,146,963,305
0,0,0,0,0,0,0,0,0,0,0,0,0,0,0,0,259,905,505,207,943,534,772,26,868,162,559,696,303,383,979,426,169,704,736,327,906,127,559,767
0,0,0,0,0,0,0,0,0,0,0,0,0,0,0,0,0,934,335,213,282,151,345,637,803,498,196,857,723,422,197,771,165,514,475,819,401,259,220,860
0,0,0,0,0,0,0,0,0,0,0,0,0,0,0,0,0,0,400,65,133,111,313,854,835,805,97,783,220,291,50,95,502,105,306,762,17,622,826,473
0,0,0,0,0,0,0,0,0,0,0,0,0,0,0,0,0,0,0,431,492,108,217,53,630,865,893,481,664,318,931,934,558,72,579,563,493,823,472,86
0,0,0,0,0,0,0,0,0,0,0,0,0,0,0,0,0,0,0,0,360,53,901,34,221,129,328,755,679,953,107,411,487,919,984,378,232,467,367,243
0,0,0,0,0,0,0,0,0,0,0,0,0,0,0,0,0,0,0,0,0,628,507,77,12,92,186,948,163,717,132,137,561,861,532,97,190,209,719,54
0,0,0,0,0,0,0,0,0,0,0,0,0,0,0,0,0,0,0,0,0,0,671,446,850,297,423,923,787,194,954,807,919,571,718,280,805,906,751,701
0,0,0,0,0,0,0,0,0,0,0,0,0,0,0,0,0,0,0,0,0,0,0,552,8,617,141,127,232,831,80,619,712,611,342,711,455,768,118,561
0,0,0,0,0,0,0,0,0,0,0,0,0,0,0,0,0,0,0,0,0,0,0,0,161,566,554,134,738,922,3,202,476,806,563,745,533,188,418,167
0,0,0,0,0,0,0,0,0,0,0,0,0,0,0,0,0,0,0,0,0,0,0,0,0,50,538,761,904,728,475,853,266,877,737,735,23,618,611,949
0,0,0,0,0,0,0,0,0,0,0,0,0,0,0,0,0,0,0,0,0,0,0,0,0,0,820,630,346,852,386,765,895,470,479,84,836,972,97,568
0,0,0,0,0,0,0,0,0,0,0,0,0,0,0,0,0,0,0,0,0,0,0,0,0,0,0,149,765,170,85,147,904,689,669,182,993,349,795,495
0,0,0,0,0,0,0,0,0,0,0,0,0,0,0,0,0,0,0,0,0,0,0,0,0,0,0,0,774,677,29,844,561,983,366,205,388,226,822,122
0,0,0,0,0,0,0,0,0,0,0,0,0,0,0,0,0,0,0,0,0,0,0,0,0,0,0,0,0,128,21,307,981,684,113,52,291,733,867,287
0,0,0,0,0,0,0,0,0,0,0,0,0,0,0,0,0,0,0,0,0,0,0,0,0,0,0,0,0,0,497,46,946,442,933,883,981,294,960,657
0,0,0,0,0,0,0,0,0,0,0,0,0,0,0,0,0,0,0,0,0,0,0,0,0,0,0,0,0,0,0,612,907,555,777,616,193,392,82,812
0,0,0,0,0,0,0,0,0,0,0,0,0,0,0,0,0,0,0,0,0,0,0,0,0,0,0,0,0,0,0,0,314,169,774,382,553,662,98,71
0,0,0,0,0,0,0,0,0,0,0,0,0,0,0,0,0,0,0,0,0,0,0,0,0,0,0,0,0,0,0,0,0,606,26,226,436,45,612,956
0,0,0,0,0,0,0,0,0,0,0,0,0,0,0,0,0,0,0,0,0,0,0,0,0,0,0,0,0,0,0,0,0,0,139,436,797,648,203,959
0,0,0,0,0,0,0,0,0,0,0,0,0,0,0,0,0,0,0,0,0,0,0,0,0,0,0,0,0,0,0,0,0,0,0,473,840,980,582,927
0,0,0,0,0,0,0,0,0,0,0,0,0,0,0,0,0,0,0,0,0,0,0,0,0,0,0,0,0,0,0,0,0,0,0,0,519,371,870,100
0,0,0,0,0,0,0,0,0,0,0,0,0,0,0,0,0,0,0,0,0,0,0,0,0,0,0,0,0,0,0,0,0,0,0,0,0,946,323,716
0,0,0,0,0,0,0,0,0,0,0,0,0,0,0,0,0,0,0,0,0,0,0,0,0,0,0,0,0,0,0,0,0,0,0,0,0,0,403,923
0,0,0,0,0,0,0,0,0,0,0,0,0,0,0,0,0,0,0,0,0,0,0,0,0,0,0,0,0,0,0,0,0,0,0,0,0,0,0,486
0,0,0,0,0,0,0,0,0,0,0,0,0,0,0,0,0,0,0,0,0,0,0,0,0,0,0,0,0,0,0,0,0,0,0,0,0,0,0,0
